158	262
320	458
493	330
254	338
270	56
294	32
149	158
291	453
262	77
216	460
265	164
307	363
414	220
180	339
227	384
441	267
208	31
78	332
313	455
491	185
217	103
473	300
213	200
224	518
306	466
311	317
255	246
423	190
206	162
108	347
300	479
552	253
302	258
514	299
306	364
385	190
306	265
245	546
77	217
418	336
302	343
390	140
304	26
99	219
145	354
389	334
386	495
424	425
303	514
296	21
376	283
279	300
126	187
240	334
283	99
324	286
231	184
301	458
94	175
192	291
303	532
355	380
346	497
251	480
331	351
508	221
51	198
232	146
273	134
291	339
318	416
100	258
21	353
383	205
257	484
355	385
460	478
521	454
330	24
304	148
294	415
404	96
323	503
288	286
297	383
285	469
484	239
251	96
230	196
335	426
376	433
271	153
310	301
287	453
446	287
356	565
304	47
421	183
367	300
307	523
270	595
311	531
381	189
352	350
62	388
226	231
286	521
330	431
487	365
400	352
316	113
326	223
102	265
558	195
345	345
361	117
389	312
159	131
298	415
324	358
219	563
124	425
302	98
302	374
70	241
320	358
274	489
68	208
218	519
417	514
419	164
303	392
279	260
410	216
288	485
292	336
141	445
215	501
520	376
353	216
497	196
470	165
401	239
306	490
320	289
270	355
325	528
474	118
449	91
231	473
223	545
135	272
304	161
519	127
344	345
26	294
250	446
309	384
45	275
429	335
365	474
303	219
205	289
269	150
296	587
520	166
67	260
288	59
213	409
317	530
412	247
267	152
216	438
195	277
227	173
261	175
331	280
269	88
541	272
17	318
423	533
280	314
216	397
386	294
355	546
308	232
298	39
292	491
305	570
361	396
317	46
195	255
320	33
251	485
239	247
443	354
294	453
175	403
369	492
333	533
122	280
436	171
267	10
290	171
335	203
265	162
338	235
61	460
438	335
220	365
218	247
304	405
522	270
163	420
319	403
331	201
191	440
188	293
276	419
301	361
284	98
175	268
343	320
297	7
216	124
257	224
214	302
58	372
246	122
296	524
265	451
32	270
363	366
296	511
319	142
337	20
499	274
154	200
162	197
416	71
319	451
284	159
364	111
114	434
269	75
368	102
286	309
336	31
250	141
380	281
388	202
282	331
333	192
379	326
92	191
318	499
403	564
275	580
298	258
294	53
132	197
279	40
237	89
205	480
278	469
163	354
279	259
314	526
224	292
352	144
402	464
83	272
260	300
271	204
313	35
280	236
348	337
482	164
294	489
340	384
184	322
244	376
312	546
353	57
240	404
324	49
347	426
259	259
427	456
373	209
285	546
372	359
272	215
285	440
358	488
230	565
234	216
220	147
416	464
323	404
421	245
322	440
318	233
103	250
288	20
309	70
335	315
297	225
327	522
417	327
389	457
127	237
434	293
249	379
302	372
316	95
172	279
243	436
300	518
399	94
265	339
308	44
300	336
266	507
320	480
258	409
363	288
300	75
550	191
245	383
359	370
244	180
108	378
288	118
380	525
301	373
361	24
425	326
103	336
113	399
336	534
351	237
330	211
515	249
250	437
294	343
327	324
272	503
423	204
281	358
293	174
201	322
319	91
425	131
190	337
347	591
234	534
296	481
537	476
447	259
279	65
430	180
93	418
294	255
350	338
397	450
303	471
383	313
431	512
66	164
520	286
435	199
231	165
332	157
350	122
426	546
475	241
435	397
233	104
319	323
429	136
226	307
164	140
317	205
361	543
312	223
382	426
509	401
212	389
302	261
305	451
332	456
276	110
350	380
309	414
60	201
326	566
12	236
169	399
123	513
288	251
345	517
135	343
209	164
309	26
373	95
502	196
166	433
272	151
453	383
277	54
347	383
303	418
536	233
307	575
360	404
351	541
357	231
267	313
350	141
400	293
492	242
277	536
389	319
244	60
167	212
186	234
281	529
307	275
360	111
315	396
319	244
260	298
159	413
514	319
413	128
499	353
204	139
324	250
460	314
299	433
374	158
297	55
347	397
327	208
350	195
385	288
125	454
312	227
397	431
133	481
319	97
311	342
265	565
450	421
229	126
304	314
161	360
251	274
215	211
330	463
67	294
271	230
150	479
279	152
271	415
296	553
241	214
467	247
211	473
303	497
268	444
166	268
131	278
308	308
275	160
398	84
303	388
261	205
351	153
58	300
363	306
446	298
335	462
314	252
294	466
326	519
283	248
230	339
441	190
325	459
294	153
307	409
280	195
331	233
301	157
326	540
344	513
395	209
186	321
326	209
433	471
314	482
262	458
111	265
442	359
477	197
313	405
519	309
337	392
390	528
333	30
279	381
264	488
553	283
307	465
465	125
345	389
393	228
430	77
227	446
550	217
361	271
335	172
339	199
212	525
193	171
328	537
115	331
378	177
349	57
283	540
572	272
154	180
335	235
401	501
312	188
264	176
312	183
458	441
239	213
300	179
183	340
372	328
350	90
309	336
342	449
287	183
414	112
223	130
301	484
282	457
472	356
308	88
311	383
298	237
302	123
270	64
120	442
311	474
159	554
215	90
316	404
111	286
268	337
244	449
367	377
357	132
304	250
280	353
421	144
274	526
436	418
296	240
396	216
196	473
284	532
460	495
295	466
289	303
340	75
405	223
259	261
423	148
278	198
398	374
307	370
404	119
231	338
247	479
406	310
90	314
231	272
189	569
130	231
303	561
282	110
235	295
315	443
81	338
271	456
224	181
297	109
296	247
318	520
244	402
299	92
354	221
297	508
105	150
199	187
300	555
302	274
340	468
310	416
358	252
321	367
459	420
407	252
299	578
218	300
295	410
287	172
264	296
351	343
267	430
297	410
139	236
293	216
284	238
121	336
174	457
246	339
283	186
325	126
355	308
296	547
320	257
46	421
277	444
322	123
296	64
155	126
364	154
367	538
284	301
322	486
92	213
379	172
276	338
158	416
383	193
368	388
289	537
421	255
300	420
230	520
335	349
416	258
268	290
305	551
353	197
325	126
527	310
222	480
54	152
454	145
348	128
327	151
524	304
308	267
423	463
394	210
302	253
250	375
289	209
301	458
297	271
556	288
318	53
300	562
270	112
314	488
431	470
311	196
272	319
159	433
252	24
325	150
352	138
288	200
308	510
146	158
328	232
296	221
165	256
323	533
140	333
207	165
206	153
302	402
197	152
291	318
298	436
518	358
307	514
204	124
361	484
323	255
323	477
158	377
309	470
221	104
373	563
250	368
357	410
441	94
261	103
345	466
212	315
282	246
315	191
443	253
455	95
303	388
552	403
307	576
199	503
193	205
308	263
235	90
457	428
421	290
281	242
392	319
259	414
326	404
268	292
324	344
346	310
79	240
226	303
296	115
347	465
283	31
363	224
306	364
495	294
338	407
365	223
451	406
239	437
300	103
310	498
437	479
300	431
203	314
435	352
286	528
234	441
290	186
511	435
248	472
306	149
178	389
350	329
479	203
312	305
310	69
441	237
328	414
81	330
385	421
103	440
367	143
172	302
276	319
401	263
208	327
291	515
426	552
305	192
220	292
285	152
365	63
283	329
214	274
347	346
333	310
294	136
318	96
171	391
444	62
430	130
295	119
186	322
327	186
258	257
225	54
293	64
174	264
421	275
216	487
319	553
324	162
460	260
333	508
181	482
446	276
459	167
234	550
280	9
324	401
277	452
232	551
290	588
196	279
300	497
297	447
82	140
217	490
257	568
503	334
219	490
309	568
110	107
249	295
289	369
205	381
205	116
442	166
311	398
256	206
217	278
254	364
299	270
377	295
457	416
311	27
314	171
228	497
226	391
395	142
173	500
159	343
159	170
328	450
88	419
453	486
202	394
413	479
246	47
135	204
293	346
259	501
385	357
447	342
324	113
306	356
289	307
119	300
286	18
264	390
293	338
362	292
318	382
328	364
322	585
307	208
405	538
417	521
477	336
259	394
308	57
206	99
337	380
451	466
298	359
332	495
273	378
300	556
255	14
491	422
403	71
236	385
369	75
172	104
334	288
307	279
449	177
182	340
296	468
303	563
246	450
461	307
244	351
394	414
495	333
233	535
352	47
276	414
259	302
431	256
360	427
283	39
254	225
316	300
487	205
376	225
302	80
310	316
350	180
522	212
222	344
424	233
316	545
560	364
276	462
293	349
132	402
248	83
243	338
382	179
255	389
300	49
397	195
236	361
288	124
301	544
198	368
420	383
324	60
295	374
123	486
268	394
279	155
324	305
355	434
268	294
243	245
55	344
500	476
173	195
367	537
333	141
361	477
251	321
524	178
183	236
389	376
207	212
78	391
234	470
255	88
343	117
415	360
335	120
485	348
279	151
312	181
249	321
326	391
276	128
327	82
228	380
443	161
344	365
307	589
490	313
296	389
337	304
392	237
341	148
368	142
374	30
363	353
320	410
294	11
355	307
218	528
144	371
350	376
198	352
587	302
216	284
176	360
210	59
300	485
166	422
283	182
342	323
236	146
320	62
341	117
501	405
11	327
319	124
122	209
303	409
326	181
90	501
568	363
297	247
311	251
193	329
277	231
534	207
414	511
240	112
250	386
424	435
321	193
230	312
461	380
150	361
373	394
379	194
192	562
390	296
325	489
332	154
230	118
286	266
288	517
310	526
497	294
302	69
307	92
285	318
310	44
300	70
432	100
433	208
167	364
490	479
283	213
467	167
127	211
332	246
298	457
10	265
213	173
268	261
311	330
234	175
295	174
515	245
379	54
372	395
196	224
331	294
288	33
188	73
300	378
261	449
299	304
523	296
343	196
264	390
519	445
302	466
294	526
307	291
428	69
263	393
98	312
311	122
291	451
303	228
308	526
165	502
301	299
219	386
110	201
357	195
346	136
351	268
472	245
309	271
280	398
307	320
372	442
418	326
384	220
279	300
226	512
543	310
138	156
262	182
330	320
281	572
231	444
307	378
137	161
305	382
265	405
282	511
307	128
434	465
374	182
294	234
325	49
345	406
350	409
228	396
314	566
273	336
149	335
63	272
236	87
252	29
208	267
196	159
239	291
353	485
332	462
274	480
396	291
244	288
334	409
324	485
73	221
291	435
441	313
447	309
243	382
89	145
330	390
193	207
302	128
362	162
67	325
346	380
128	86
167	194
438	352
273	186
294	73
300	444
372	461
168	206
525	244
275	342
276	373
322	545
266	417
136	196
407	183
347	58
429	549
300	36
447	495
182	302
546	246
243	439
351	300
167	274
386	184
289	221
300	432
387	310
89	263
127	270
303	292
212	218
335	422
302	386
67	428
78	337
171	375
275	338
412	194
373	489
339	48
354	68
295	341
373	84
303	591
162	535
335	110
321	260
340	175
189	270
285	407
379	392
261	447
84	368
295	304
172	201
387	297
347	97
402	444
336	300
277	313
218	178
230	532
443	351
503	414
316	507
273	333
452	266
320	355
387	427
368	110
263	183
323	250
285	443
541	297
257	411
416	325
547	314
345	56
255	73
276	242
296	292
290	155
321	515
328	196
259	486
399	569
308	478
209	352
158	466
285	302
155	357
263	554
321	391
395	538
120	207
317	97
372	403
300	187
289	58
96	220
104	108
347	404
254	274
430	550
289	109
391	303
237	99
254	171
548	250
213	291
292	492
336	480
300	184
298	459
163	233
374	522
418	291
310	519
170	294
352	353
420	141
311	539
411	350
211	362
359	318
381	184
233	376
244	47
95	252
272	429
331	322
262	279
298	159
559	266
77	169
306	202
301	535
107	179
300	242
534	372
301	83
349	285
144	494
187	206
296	10
324	212
285	355
262	384
303	25
210	455
338	292
209	285
468	400
301	83
77	277
311	190
302	246
296	205
391	562
444	379
284	384
371	435
328	403
418	274
365	428
250	523
366	158
254	163
512	178
348	542
265	136
133	265
300	369
241	498
304	505
316	183
336	242
105	244
282	183
238	343
290	183
387	193
435	134
266	411
307	498
300	299
553	310
275	269
385	302
289	338
131	317
356	85
480	266
280	25
135	249
165	190
312	492
288	70
331	281
299	518
304	33
187	357
290	115
232	338
400	473
319	276
296	289
111	304
324	432
160	373
342	371
290	110
199	321
194	559
469	468
124	423
350	548
255	278
466	311
327	572
195	248
188	542
317	302
444	371
410	167
251	390
295	510
335	294
399	110
333	254
231	412
326	330
37	324
128	138
299	13
237	411
290	244
191	496
275	518
292	371
240	286
263	465
262	180
442	196
433	212
251	491
463	79
183	150
117	419
305	575
118	152
227	397
394	81
300	438
276	395
362	420
326	139
364	459
365	385
350	176
308	163
98	489
452	295
321	158
70	433
303	296
27	305
190	223
366	417
178	312
338	388
281	586
433	204
274	343
325	248
266	255
289	99
300	366
396	328
308	181
86	491
226	76
155	157
303	345
318	115
534	410
281	276
216	486
275	58
159	195
74	202
471	420
266	243
225	321
468	168
354	491
232	169
432	94
292	233
331	182
306	326
301	434
326	144
250	162
207	343
245	309
344	572
304	309
285	152
502	144
144	510
322	47
157	294
224	198
387	86
298	372
199	86
262	245
221	396
311	267
259	94
249	254
293	469
288	303
329	377
406	185
394	77
379	438
379	248
292	415
420	209
401	249
335	202
261	185
244	175
85	294
163	222
399	271
541	342
445	272
306	313
287	307
528	303
408	380
274	410
292	429
177	408
225	322
291	349
338	310
97	127
319	372
327	396
255	260
298	214
411	173
310	349
309	447
290	387
356	317
97	417
300	272
140	74
279	200
276	300
400	295
369	331
282	351
223	94
390	380
300	529
196	150
305	152
311	525
439	202
283	342
268	482
135	465
316	498
345	50
109	153
356	53
454	102
331	42
261	339
123	441
413	512
241	322
191	230
482	315
383	146
481	410
291	61
397	498
255	305
297	306
317	225
321	385
300	414
356	303
190	556
313	532
343	383
263	215
288	468
308	298
190	277
356	122
324	164
261	556
205	135
450	220
281	256
478	290
220	513
313	488
304	306
152	233
445	509
255	364
364	487
335	180
301	390
195	435
356	577
300	58
201	409
213	152
395	141
491	362
297	475
484	217
358	444
294	510
433	264
371	42
199	241
288	431
374	156
147	271
367	423
144	492
244	356
273	181
396	192
201	430
461	323
295	513
318	84
247	300
372	393
369	257
293	121
301	63
377	284
91	403
299	318
300	169
241	288
213	207
343	470
474	162
302	458
453	132
282	33
498	444
365	346
175	350
438	134
278	353
250	187
193	498
270	33
219	241
294	89
260	510
175	281
297	394
236	209
489	496
226	373
420	430
177	110
286	82
358	214
109	172
308	119
463	350
328	82
208	164
300	168
441	381
397	257
304	392
196	491
424	249
470	126
344	419
281	183
167	309
184	393
296	381
129	366
336	465
223	371
109	320
352	563
200	548
369	231
240	103
183	415
492	162
288	384
121	331
258	265
396	224
300	308
138	280
287	360
299	117
306	244
304	307
436	160
310	485
185	98
254	555
279	538
185	236
164	256
472	159
304	224
408	331
337	447
526	267
238	198
277	19
259	34
387	332
199	286
289	148
63	374
290	513
194	117
69	228
288	210
410	556
397	139
210	312
165	492
204	391
363	538
330	175
304	378
264	154
193	418
429	442
334	285
306	510
255	11
308	488
333	306
291	250
310	526
61	295
464	151
300	492
91	241
346	193
296	393
245	516
273	374
236	581
320	369
304	234
366	140
167	527
294	119
340	187
509	161
207	286
390	91
279	291
303	300
345	168
404	135
224	367
415	123
314	252
476	246
274	315
370	305
477	269
489	206
490	360
394	368
244	263
315	445
251	350
326	582
357	383
459	328
545	342
289	326
298	115
363	301
311	309
86	154
380	358
337	285
163	83
396	154
345	194
408	388
199	520
210	228
310	220
342	379
221	421
286	15
550	322
160	300
325	191
297	83
219	313
380	207
304	481
468	169
290	573
342	381
131	306
300	22
63	274
287	249
436	539
280	401
370	95
369	351
292	166
151	250
301	308
274	287
179	245
232	220
553	338
440	294
383	240
242	272
281	265
430	428
313	333
368	180
341	498
223	256
167	189
295	207
232	346
302	457
218	145
161	316
213	233
320	187
248	262
313	446
311	96
204	380
473	122
441	136
495	425
111	178
79	137
341	363
303	387
330	288
279	343
208	547
356	121
302	328
381	188
394	345
300	441
424	492
434	467
329	541
483	180
327	348
318	336
326	439
304	546
459	361
471	301
389	284
176	277
298	212
308	153
308	502
306	283
383	29
497	230
315	441
283	304
206	209
313	528
418	473
318	428
287	209
313	288
355	375
479	320
236	506
84	285
314	551
270	35
270	563
117	479
379	207
388	344
153	213
143	302
406	491
275	532
279	287
504	134
365	54
257	516
392	329
383	211
319	456
194	431
298	341
217	529
296	572
360	255
148	231
114	327
370	370
460	205
405	349
258	42
328	359
196	198
361	496
273	47
183	37
290	354
147	323
459	163
442	421
422	318
197	482
233	331
425	282
386	26
273	541
403	236
235	443
334	448
323	566
302	42
560	366
302	275
306	135
426	121
305	165
578	285
137	281
371	116
294	316
292	99
241	155
277	401
171	427
228	376
183	345
227	39
261	368
316	107
167	438
309	123
313	326
525	352
217	178
278	551
393	241
275	27
317	458
334	438
227	380
383	237
416	267
300	10
408	369
235	487
518	154
382	157
449	260
216	562
273	310
457	314
169	293
303	82
223	515
137	333
323	253
170	550
325	152
265	125
293	111
164	451
303	303
549	325
212	206
159	430
189	319
381	89
298	148
269	293
197	551
397	181
297	174
270	117
338	375
330	527
243	102
242	228
284	470
40	277
97	397
261	223
447	273
376	433
254	46
102	362
422	230
300	438
276	124
302	297
218	388
274	402
275	300
519	416
293	198
335	291
317	107
453	494
565	388
280	187
288	336
273	552
267	392
547	354
217	113
286	16
326	308
317	400
293	178
267	450
297	431
186	429
284	322
306	173
300	125
151	276
334	462
71	162
487	269
300	169
289	14
410	349
283	224
204	288
297	359
394	59
396	319
462	318
338	444
148	139
267	234
329	8
173	488
283	374
250	315
331	200
478	293
416	144
294	412
288	348
420	173
473	431
380	522
267	469
306	313
205	541
227	332
266	495
473	321
241	320
346	263
244	447
291	58
258	461
368	381
249	427
280	389
276	565
319	370
318	147
170	189
301	251
188	316
497	292
316	467
328	423
326	80
414	290
514	258
587	276
334	393
282	51
317	523
236	180
287	561
329	259
305	217
138	250
412	477
264	59
378	503
331	61
221	503
309	384
308	500
384	295
300	538
299	405
300	209
316	474
271	244
304	580
337	437
368	492
448	204
488	269
312	44
269	113
512	433
284	116
411	308
215	313
114	344
389	517
299	461
212	317
254	339
288	419
220	160
442	248
134	171
325	305
417	165
350	142
228	52
210	438
349	172
226	121
348	509
141	91
368	291
278	444
229	454
441	200
168	137
342	480
38	177
268	380
94	477
205	258
524	321
220	509
316	395
121	362
389	296
107	329
281	173
409	520
529	321
213	319
303	345
301	400
225	47
191	211
411	303
323	350
283	195
119	314
298	52
256	355
342	197
329	337
71	278
377	514
387	577
315	240
193	73
304	513
309	238
296	58
437	335
342	178
297	532
287	537
300	552
318	71
132	162
45	417
190	572
70	273
288	517
257	331
399	219
227	529
117	202
355	226
330	112
318	269
243	31
262	366
262	275
159	380
356	163
92	446
399	492
292	525
297	156
320	545
336	306
309	151
192	362
122	167
364	319
196	274
172	269
130	465
184	302
352	328
221	497
262	345
132	69
259	576
303	11
131	203
245	71
180	334
302	361
289	289
254	449
292	240
265	148
143	184
290	245
271	390
223	325
278	83
379	195
377	314
331	174
230	167
346	165
281	422
306	90
345	417
413	219
300	226
232	302
330	321
579	292
150	146
346	166
360	315
338	114
503	399
471	288
229	355
329	372
397	191
237	151
304	247
295	15
430	474
286	315
246	452
314	552
347	417
331	147
264	486
36	385
299	380
295	463
255	228
498	455
336	284
245	252
228	242
148	224
293	213
227	502
337	524
102	435
376	481
294	82
304	167
325	260
283	571
351	328
272	100
578	275
327	316
331	70
431	185
293	133
298	259
212	107
474	352
119	313
188	216
322	322
309	122
230	290
393	495
314	493
277	552
196	131
188	292
215	364
303	202
497	256
321	426
300	320
414	75
328	273
425	347
291	244
309	456
399	146
204	467
436	405
244	318
414	397
334	112
196	305
272	108
170	455
443	315
273	549
247	84
306	509
300	172
289	591
291	272
300	115
440	337
374	156
380	420
577	281
190	373
383	489
466	271
408	210
280	197
311	379
194	208
321	537
345	83
554	298
174	264
254	193
319	346
295	153
416	512
242	314
346	428
462	303
284	176
268	348
190	340
238	327
275	336
128	121
410	454
238	141
234	397
266	228
553	365
286	419
340	159
289	285
261	320
262	425
178	46
284	312
299	551
278	214
284	477
300	375
289	407
144	126
293	559
245	397
303	139
296	134
487	285
286	489
122	207
370	532
274	359
350	318
62	441
209	240
363	388
300	130
226	319
291	88
311	456
295	487
298	348
290	339
296	95
210	168
105	111
416	232
151	433
251	228
336	329
323	523
278	66
358	293
326	377
248	344
277	344
269	227
322	557
18	277
356	495
322	364
266	187
287	328
134	463
254	363
125	396
425	303
168	163
303	467
278	67
98	241
260	217
171	176
110	146
302	360
404	377
390	398
168	488
306	140
297	120
318	566
159	437
285	34
494	353
301	334
138	314
302	381
283	486
196	149
518	411
352	12
361	208
306	386
244	389
135	314
227	213
62	203
213	286
94	179
141	462
346	269
132	424
341	481
377	394
502	91
153	383
343	413
321	348
310	377
216	340
250	305
402	411
307	200
385	472
371	204
262	498
354	399
263	170
200	218
518	353
119	201
283	300
276	93
310	501
303	179
300	165
507	326
315	584
211	346
393	142
300	584
287	120
303	224
256	165
342	455
293	457
295	150
371	264
367	430
310	360
493	316
178	187
308	550
214	418
325	502
230	338
238	245
305	241
300	596
425	121
293	257
181	182
82	456
130	516
298	390
301	34
197	425
370	240
452	498
203	174
300	463
282	276
129	249
566	350
449	234
320	89
127	324
271	280
567	200
335	105
338	96
464	156
333	142
291	222
254	106
296	131
331	230
293	27
197	307
288	404
412	284
427	407
381	366
369	125
296	434
363	250
300	502
186	267
298	129
75	260
120	407
321	338
310	435
380	152
328	275
317	545
294	276
264	235
250	253
347	403
229	239
256	181
308	488
355	161
253	83
154	405
233	380
350	32
296	554
169	400
378	156
274	542
300	33
389	381
148	126
289	397
126	343
253	358
352	396
413	131
101	296
272	14
258	324
199	252
476	427
281	369
275	300
399	98
67	300
135	426
258	484
280	382
357	56
238	434
281	400
251	269
327	143
336	104
301	47
218	275
266	452
76	396
42	229
288	132
87	158
244	253
236	530
264	224
270	263
415	538
224	242
244	313
248	9
387	549
295	118
277	139
300	572
253	545
274	257
278	382
286	245
417	119
416	134
296	229
451	355
183	76
299	369
551	404
299	276
258	401
297	305
428	145
309	66
161	232
325	129
310	196
411	364
300	100
374	121
336	545
59	304
241	96
192	328
255	404
296	328
311	500
130	330
245	383
301	301
338	388
255	534
261	418
333	216
221	123
321	129
382	143
306	349
294	431
300	55
227	541
335	385
200	153
435	300
338	320
287	225
315	240
274	178
302	64
341	118
296	177
293	9
370	102
299	534
423	157
399	296
194	118
139	399
114	189
312	440
330	169
235	332
263	157
184	267
305	200
301	380
295	555
356	188
403	361
125	175
304	491
317	105
136	259
148	333
371	502
413	52
290	371
291	300
368	109
217	125
172	145
397	238
342	317
299	225
321	81
305	202
312	380
328	522
353	368
319	64
351	325
444	289
301	208
372	527
359	48
314	119
269	336
300	73
296	398
300	324
414	187
337	255
328	126
251	489
461	86
342	328
128	376
338	229
188	216
275	194
300	330
307	565
300	373
424	543
201	434
139	339
151	153
294	412
166	461
331	215
266	307
420	37
306	492
297	239
336	524
300	282
248	203
266	317
224	338
256	440
248	584
263	106
341	247
217	311
171	354
155	436
301	209
370	77
339	163
397	142
466	228
334	301
310	386
175	294
425	283
413	153
170	99
108	112
51	274
416	174
371	224
366	451
233	248
292	85
314	265
233	253
438	279
150	219
321	339
322	393
335	390
102	413
428	356
316	435
361	346
300	376
210	105
183	99
151	491
410	338
317	251
299	49
383	476
203	508
250	124
415	368
327	196
134	178
310	226
299	311
289	243
280	486
223	480
303	517
307	194
240	363
313	246
231	139
197	198
326	376
392	382
314	300
232	270
159	348
261	452
293	369
223	529
296	376
250	361
277	137
282	363
254	344
231	22
300	273
321	132
286	431
302	582
490	259
391	439
410	419
403	386
324	320
209	162
297	332
524	367
291	5
450	391
287	35
541	335
361	162
182	382
229	47
298	253
293	534
155	364
385	61
176	460
232	321
465	184
348	531
234	328
373	515
453	111
300	311
196	505
282	399
451	351
365	436
236	90
299	320
240	576
305	191
352	288
512	441
225	304
252	550
224	209
404	274
473	437
426	154
324	504
326	572
320	493
300	341
300	225
333	96
134	356
140	292
181	526
37	375
126	117
190	382
212	220
211	315
306	37
536	364
401	484
325	471
418	484
300	266
276	321
280	430
481	403
254	357
504	392
276	433
243	352
121	302
366	316
298	108
248	210
304	222
300	438
378	451
370	350
294	186
159	294
367	138
256	459
276	8
297	267
277	178
189	446
346	46
348	303
301	403
171	388
429	134
291	565
204	285
376	345
363	36
245	418
144	451
445	475
438	353
48	220
177	159
276	472
272	239
327	39
337	442
252	568
267	446
282	281
357	520
300	300
266	289
429	78
332	476
275	443
328	435
286	413
208	296
368	308
367	84
147	175
300	569
229	269
196	107
177	300
350	432
324	372
111	233
382	260
316	381
178	115
307	443
361	132
327	172
333	53
351	266
358	135
534	209
498	458
65	205
245	245
300	306
191	278
561	217
66	381
311	212
301	457
310	558
458	187
263	350
335	537
331	303
319	323
191	288
295	27
309	235
198	154
58	224
539	225
293	218
384	478
274	177
193	263
432	345
150	464
300	194
200	495
492	231
246	236
278	81
321	191
230	263
278	277
512	174
412	175
311	481
415	219
585	309
297	473
183	305
562	262
298	67
325	113
568	373
225	462
266	407
299	89
519	358
316	225
139	429
331	14
316	523
216	555
252	119
326	528
509	198
450	379
195	497
459	167
233	74
380	323
322	537
411	243
397	135
313	275
149	409
296	512
289	206
187	293
271	144
336	548
76	357
265	154
362	402
300	21
207	117
308	152
72	441
66	383
299	68
268	72
426	363
314	410
258	267
315	63
222	525
299	285
388	194
309	156
150	193
372	182
300	346
270	400
120	383
456	138
337	243
44	250
279	338
342	427
330	141
284	175
445	391
397	130
355	443
320	384
272	195
329	439
306	319
402	373
294	28
224	330
307	396
280	104
279	387
384	282
432	330
277	484
314	426
387	67
299	484
151	369
270	210
314	346
301	44
206	185
283	543
264	434
368	191
209	70
323	268
361	210
222	75
300	200
175	281
186	512
289	123
379	149
306	497
549	310
243	543
312	561
352	322
320	301
320	407
531	187
266	145
410	246
384	272
303	310
224	461
457	181
292	284
463	300
283	337
147	391
303	77
232	150
198	573
327	403
295	48
266	300
376	276
365	151
264	241
312	489
287	453
272	95
214	416
300	448
301	83
286	169
204	382
305	471
127	307
128	327
407	341
300	29
149	410
124	317
493	87
346	434
364	535
76	285
465	255
330	500
183	195
405	86
194	412
311	471
281	395
509	234
243	394
538	452
457	101
281	38
51	302
211	221
426	295
314	395
260	233
143	375
487	263
180	557
278	362
413	317
357	439
240	383
298	223
171	217
281	74
303	132
279	562
253	179
265	486
264	244
364	409
214	132
341	70
302	279
461	195
162	232
458	493
277	583
212	62
231	399
281	109
284	332
524	235
167	496
368	322
407	161
387	84
375	272
357	75
309	175
307	109
306	393
162	297
193	388
264	105
431	119
300	256
244	257
313	371
250	425
247	240
337	48
349	293
197	492
271	153
337	492
261	82
302	162
332	73
154	354
163	108
148	464
350	163
185	296
281	177
356	150
316	37
247	318
322	275
311	213
301	455
243	94
311	464
368	209
330	334
269	255
114	406
411	517
390	432
439	533
361	198
253	256
236	367
269	137
293	162
377	407
239	210
287	392
346	96
254	263
11	256
364	100
350	447
319	201
507	357
392	171
300	569
252	38
435	360
323	436
438	346
276	408
272	171
308	533
384	435
466	380
289	346
324	149
431	407
267	284
294	113
318	101
425	199
456	534
401	326
326	370
405	278
338	171
132	279
203	220
387	196
214	125
298	250
235	470
206	248
320	580
475	154
289	114
192	445
580	341
284	378
186	425
307	112
322	578
430	346
298	146
211	428
312	107
473	461
526	334
58	377
286	123
257	158
379	396
276	430
233	494
143	471
362	580
371	343
231	405
169	169
104	387
428	127
430	249
260	363
296	139
321	166
243	218
450	174
229	488
522	200
350	197
297	507
412	289
256	426
41	353
341	323
233	457
265	152
250	130
295	182
166	554
299	162
316	364
305	130
164	278
479	330
482	459
329	562
241	463
247	196
365	461
275	235
235	77
41	411
299	155
329	442
316	34
296	62
238	98
280	321
450	258
315	341
351	142
256	274
283	114
350	517
505	303
287	437
315	334
319	503
291	388
269	53
547	383
71	397
215	377
267	167
393	318
235	374
413	407
362	453
515	223
469	345
171	306
321	170
288	206
134	209
295	540
154	286
255	240
521	172
258	445
269	121
546	258
351	538
310	216
416	298
273	506
274	143
281	48
537	263
239	261
361	552
319	130
89	130
390	134
365	328
289	224
206	166
555	231
294	120
297	453
337	422
330	145
321	96
214	63
221	340
331	397
297	522
327	381
291	140
437	274
118	405
311	575
318	156
175	225
352	115
306	553
248	464
303	474
511	282
314	474
429	521
269	438
240	251
223	585
236	480
447	295
577	317
320	156
332	385
170	83
294	46
540	385
435	181
307	218
522	106
309	63
185	281
305	249
299	426
302	503
326	426
312	71
300	100
516	342
387	380
354	524
461	205
314	325
311	309
231	334
301	205
400	382
404	253
376	493
96	280
336	409
320	293
336	111
277	87
252	313
346	101
281	517
425	229
506	399
293	341
438	102
212	173
347	190
426	92
265	212
322	573
191	434
331	10
424	193
361	492
274	227
248	235
291	514
416	277
386	446
183	213
318	353
301	51
333	581
353	84
454	209
109	424
384	149
249	436
272	314
300	41
375	184
407	368
230	356
300	75
365	249
356	84
290	407
430	131
275	154
290	502
305	355
155	67
206	330
262	304
109	228
182	437
324	140
333	435
214	436
315	300
279	438
241	458
195	320
235	303
301	113
413	417
191	504
211	112
417	151
274	240
316	510
270	153
291	485
189	217
383	334
183	83
231	335
262	162
237	347
298	477
325	287
295	109
305	383
317	420
233	300
326	115
435	355
300	480
374	222
303	526
293	133
227	425
324	323
305	180
291	351
272	273
304	100
191	97
304	253
50	333
332	197
208	316
411	242
215	196
246	480
345	404
244	520
164	365
365	498
371	239
485	249
169	333
297	418
312	260
211	517
296	433
394	354
222	266
109	431
301	592
161	525
252	390
124	484
468	475
310	70
387	186
127	516
320	484
274	456
346	108
35	265
300	444
233	279
441	131
294	41
329	55
323	450
188	125
368	396
298	374
570	289
337	242
314	389
239	178
388	255
313	122
453	257
422	391
495	419
440	163
296	256
350	512
296	198
442	308
355	488
307	567
305	71
390	346
481	81
423	164
284	98
123	383
300	482
476	505
48	391
293	274
335	488
263	293
252	215
236	174
214	389
289	231
176	350
334	482
294	588
498	437
287	349
264	112
300	458
133	113
462	209
227	248
338	219
229	501
377	382
451	144
168	300
101	118
300	216
484	464
516	146
441	459
560	174
292	399
333	202
391	108
363	488
282	84
287	424
432	142
248	436
301	561
287	454
297	110
295	401
359	584
40	325
162	271
502	206
154	66
191	317
131	309
136	523
439	351
338	24
290	376
279	222
470	374
297	14
300	213
457	310
402	479
304	462
380	234
354	117
57	353
279	146
217	388
306	564
167	286
317	128
179	509
354	147
272	323
247	347
307	254
289	563
301	273
289	563
238	180
470	214
326	61
564	283
300	531
377	473
55	290
332	570
153	165
321	92
317	387
322	390
403	165
365	471
316	8
305	343
282	501
398	195
263	316
268	579
248	154
309	468
274	592
66	395
292	198
321	275
50	297
273	452
256	442
490	259
312	217
266	277
286	396
315	364
183	336
546	368
320	363
247	365
318	559
300	180
317	290
312	217
490	353
274	218
187	456
354	552
216	501
161	169
490	475
298	253
300	238
321	378
386	381
408	436
298	53
300	131
443	174
317	446
283	376
159	238
299	488
278	445
230	138
299	281
313	313
347	107
336	168
342	279
217	420
239	226
155	184
412	122
264	218
215	54
358	85
69	389
398	332
244	354
224	258
267	52
385	374
300	458
418	374
233	135
164	51
281	177
300	37
328	433
337	99
297	436
237	306
258	361
276	249
275	493
474	273
274	100
268	277
377	381
310	354
560	316
319	549
379	167
337	423
318	357
274	72
347	307
206	50
282	372
452	138
261	548
428	202
176	351
321	159
241	150
300	210
253	297
387	237
289	262
149	152
205	289
131	168
363	256
320	120
304	516
271	312
330	22
189	398
218	523
347	202
275	319
180	233
263	213
231	302
225	193
344	491
289	441
433	353
115	101
335	284
300	590
476	276
266	170
350	300
359	530
296	443
331	505
425	216
193	152
434	335
261	287
169	240
185	480
367	209
510	468
302	422
146	335
305	32
298	296
232	439
291	88
102	132
561	293
381	170
317	390
245	304
498	235
293	214
239	132
235	443
312	516
322	120
278	182
285	61
495	152
300	317
325	562
289	531
300	248
230	326
250	524
288	293
324	341
382	238
231	128
360	208
312	385
261	412
291	86
313	84
93	255
262	391
355	410
271	401
299	288
162	312
202	431
347	540
516	207
423	384
194	170
282	237
300	450
262	349
295	315
408	200
316	400
291	55
270	218
490	279
287	566
349	115
280	342
169	410
512	372
291	119
290	458
237	132
300	597
301	25
460	264
240	331
313	248
460	220
290	168
52	363
502	111
402	115
300	65
305	438
333	250
288	317
260	99
309	308
331	589
469	320
121	161
215	125
496	408
251	467
303	535
184	135
277	348
358	517
369	118
404	417
342	521
368	498
407	170
170	469
320	494
260	228
485	331
452	256
146	230
373	240
249	73
478	187
352	428
221	330
349	75
300	461
265	80
481	433
300	182
53	328
184	382
261	44
355	238
148	320
434	313
333	90
285	198
245	334
280	465
355	315
419	130
441	106
271	70
559	402
356	192
330	337
181	71
344	308
224	314
237	20
426	319
204	311
487	284
346	353
304	430
345	287
311	193
365	566
300	452
309	343
300	494
325	538
346	121
357	190
260	118
300	154
300	64
528	280
110	206
68	463
337	144
295	489
282	558
250	30
414	120
300	294
447	406
321	226
395	296
266	335
422	446
337	485
250	187
327	39
305	503
298	559
536	337
490	290
369	230
286	253
246	444
302	375
228	351
74	137
190	321
438	389
360	200
161	139
209	216
277	397
300	225
120	263
372	91
302	548
271	86
386	255
407	345
372	416
429	179
211	317
298	275
328	541
216	370
354	18
300	492
401	428
114	207
346	336
364	488
278	416
223	526
373	566
214	258
287	212
261	436
125	300
329	445
454	140
233	357
425	278
132	364
273	541
209	360
285	270
204	377
275	476
494	213
275	399
268	269
336	249
364	406
421	406
66	293
296	178
331	146
114	246
295	371
350	454
414	346
406	460
224	339
275	264
395	84
399	176
316	194
417	292
339	317
327	361
352	280
316	246
380	102
348	431
316	377
307	581
78	366
384	387
290	426
299	587
269	35
311	209
417	183
201	398
362	135
277	467
175	409
196	204
225	563
252	498
262	16
423	383
301	357
149	179
222	350
459	181
451	127
486	527
351	312
300	71
278	411
330	363
450	496
126	493
394	133
291	449
384	263
143	325
164	87
308	173
294	172
362	171
264	82
282	522
259	94
190	303
276	412
359	460
309	145
296	300
483	288
295	283
427	295
438	540
340	104
302	419
301	575
306	293
151	426
91	312
257	215
140	219
272	461
566	390
261	540
327	304
364	221
282	375
303	532
356	108
454	322
374	428
253	289
557	413
328	151
352	352
243	431
307	410
278	383
240	433
289	144
202	292
320	147
198	116
495	340
251	95
172	513
456	349
250	233
339	171
290	131
246	80
338	220
329	240
407	495
364	232
469	342
303	76
361	529
402	246
277	206
236	143
303	25
511	258
472	205
307	308
287	294
288	92
321	13
290	352
254	397
177	63
213	63
501	119
242	231
317	397
233	524
247	279
298	338
67	408
199	330
131	102
338	387
190	149
426	508
154	330
291	215
431	332
335	322
286	109
224	336
417	359
165	473
321	528
419	411
290	530
243	175
484	318
409	212
335	425
449	260
297	405
263	96
294	561
339	61
300	51
488	216
302	372
322	386
315	11
152	169
31	300
204	389
365	390
307	157
402	297
383	230
341	336
35	316
476	96
343	488
277	403
247	421
314	560
243	422
532	300
344	183
300	359
380	304
102	407
214	135
211	126
442	350
128	406
481	379
318	408
234	420
245	272
485	472
337	438
443	431
155	306
317	514
273	30
279	94
422	417
57	350
476	378
473	207
268	355
429	276
279	319
408	250
211	523
106	161
330	375
346	357
220	376
286	141
300	497
237	107
326	172
323	171
263	72
315	324
320	341
106	267
352	181
300	198
389	351
223	400
329	192
380	32
424	445
326	387
291	171
198	287
198	264
241	88
315	190
238	137
250	160
535	321
472	304
109	248
275	220
283	425
270	241
295	76
374	397
95	362
259	246
167	84
296	171
266	155
272	167
329	131
253	424
363	126
279	435
251	221
274	420
213	224
294	323
228	253
200	455
328	256
348	387
317	431
350	222
236	57
345	389
233	353
350	233
177	211
71	476
383	454
27	378
232	489
327	295
180	239
235	84
306	288
323	238
404	544
350	290
364	410
443	297
242	125
291	82
322	440
214	256
263	434
482	180
339	315
301	9
244	355
365	201
234	144
268	170
331	533
282	198
188	218
276	434
259	535
350	288
377	413
312	513
210	84
277	332
258	466
222	429
172	261
443	123
263	152
291	130
253	343
285	520
254	167
315	411
225	68
288	472
342	449
255	124
313	546
113	383
444	106
161	225
324	243
394	300
172	469
276	592
329	234
429	442
114	237
319	40
495	192
418	236
382	460
348	431
547	252
252	294
450	446
248	527
419	323
234	481
307	331
341	492
364	449
314	588
199	527
309	412
250	26
318	78
591	320
466	167
359	171
327	321
490	304
294	448
338	498
314	233
455	194
316	409
425	464
293	133
362	464
370	514
244	57
374	183
239	151
300	119
352	470
348	91
370	219
253	175
359	374
296	556
202	560
344	327
227	333
287	400
329	237
443	519
284	189
248	235
328	386
378	66
294	89
214	373
300	292
285	98
443	497
281	176
287	325
488	169
303	560
300	444
245	404
476	320
431	175
300	583
319	365
293	22
319	372
250	460
281	202
259	401
381	206
318	99
439	273
305	306
256	314
367	365
229	316
248	93
259	139
305	333
218	234
301	338
391	455
185	241
270	552
547	222
191	299
322	75
323	254
352	350
98	265
355	251
328	112
281	413
313	473
308	33
293	461
272	142
342	121
388	518
220	459
298	97
196	407
467	240
300	401
225	92
308	478
532	342
323	277
414	519
309	41
283	331
287	7
317	434
366	272
383	135
408	432
326	509
322	585
309	538
392	427
221	335
255	137
340	304
186	316
530	225
231	152
417	320
283	186
290	454
337	445
321	368
170	246
79	257
379	171
327	267
295	437
261	93
241	254
457	417
296	77
285	544
273	450
283	108
302	564
41	254
443	213
171	333
181	300
295	280
206	547
425	147
357	160
315	351
273	265
325	523
305	379
308	458
423	190
297	550
343	357
225	261
443	344
447	76
261	534
277	228
265	249
307	57
352	526
300	62
288	302
267	147
179	245
234	193
415	181
544	395
274	215
417	407
247	445
433	345
98	283
368	126
475	389
407	284
469	248
245	290
317	195
128	299
273	144
399	309
284	383
295	263
165	257
377	310
336	225
285	285
317	498
82	466
330	377
352	318
321	493
178	248
358	73
268	383
148	264
135	75
168	487
221	373
303	156
353	190
221	253
301	366
239	154
402	312
415	175
287	129
369	413
312	342
81	300
316	251
353	68
225	502
369	294
407	363
300	396
173	309
297	452
196	323
210	494
417	155
527	358
389	100
256	168
300	255
286	21
321	93
436	243
293	407
124	212
261	285
231	364
137	427
405	123
159	224
521	338
388	320
432	360
528	229
227	324
204	303
534	232
443	138
350	552
293	24
323	32
189	366
457	414
301	410
227	345
83	296
307	380
419	261
318	308
319	467
304	211
330	550
285	128
440	95
276	434
295	546
165	290
261	162
419	163
244	280
296	357
378	286
337	576
197	91
198	408
477	156
292	240
294	402
337	244
205	45
326	173
463	405
547	342
338	303
239	117
147	121
251	54
353	199
376	260
268	63
351	372
379	267
372	517
286	139
190	549
173	289
158	222
361	270
381	63
220	112
391	309
297	284
274	571
278	575
420	204
438	474
332	357
192	47
162	123
319	390
296	161
324	159
226	293
343	374
301	247
311	299
252	353
297	259
489	250
354	282
430	234
350	106
391	187
396	510
521	298
253	194
381	351
88	383
329	366
261	354
194	483
43	174
105	329
276	349
300	336
186	211
167	261
123	308
230	292
310	460
225	179
339	235
105	488
193	61
80	429
428	165
304	479
505	199
322	273
316	162
282	212
122	285
368	519
445	300
188	254
340	55
300	23
329	536
453	277
305	355
287	84
308	561
268	310
343	306
491	502
174	453
380	246
194	293
279	527
315	573
339	66
220	133
265	100
382	316
356	52
174	351
333	454
356	58
352	236
466	167
407	450
420	313
106	286
376	248
208	406
295	270
328	109
264	481
298	242
287	526
322	395
95	242
287	588
397	350
495	306
311	59
300	351
331	235
134	300
179	391
199	227
295	532
311	510
305	269
329	432
234	314
350	428
158	412
329	251
218	288
105	304
477	446
326	79
327	276
376	321
134	69
158	332
328	236
191	328
197	110
300	2
452	223
533	256
291	108
180	403
303	582
334	202
302	93
314	263
288	116
251	180
252	490
309	471
313	67
162	230
452	242
116	314
257	543
144	198
271	263
296	156
239	258
317	149
217	123
119	337
159	483
56	181
317	10
213	396
313	531
307	83
144	341
358	504
295	234
304	315
278	41
283	248
284	490
168	228
100	382
212	133
415	396
212	275
247	337
282	366
309	303
293	509
301	13
286	34
279	302
356	442
298	589
500	291
279	300
99	247
136	281
88	250
374	192
254	489
274	268
266	241
358	209
211	464
364	386
383	358
403	482
211	279
255	58
273	539
85	149
526	198
278	271
245	269
377	118
593	315
195	418
119	238
294	592
161	145
182	80
300	225
410	62
84	437
332	317
28	224
317	289
306	571
190	184
287	281
149	262
275	522
300	311
256	397
204	462
283	172
383	88
425	509
269	19
285	129
178	222
310	249
329	230
396	82
228	235
178	468
371	155
444	458
351	331
344	153
491	317
345	300
202	334
269	280
277	495
254	297
273	253
434	265
340	536
159	471
246	229
381	458
288	396
273	242
281	439
322	540
260	262
359	352
313	368
286	48
165	391
180	303
304	391
178	367
241	257
480	491
404	363
366	473
422	496
455	327
268	350
294	519
362	403
178	345
257	93
206	178
308	418
481	199
525	322
389	293
167	399
372	286
323	50
182	172
305	511
420	80
379	450
320	168
483	423
360	568
279	12
272	527
281	441
293	177
319	510
201	364
239	303
312	194
336	477
369	385
197	208
227	437
450	200
160	310
353	248
407	119
137	430
261	493
276	267
171	315
297	170
163	429
299	360
375	551
368	470
268	192
320	68
346	129
286	124
300	270
431	457
352	308
380	556
185	81
128	130
319	379
257	136
184	67
346	244
233	221
256	434
434	461
217	501
216	59
306	274
457	355
222	21
570	252
315	193
78	380
195	255
241	348
120	300
328	515
37	326
287	214
140	337
219	509
247	239
375	440
312	211
96	398
298	35
196	419
423	250
74	362
337	577
313	265
74	215
300	202
245	286
421	103
238	500
391	47
263	129
296	153
539	279
303	135
285	346
300	362
186	367
304	590
300	103
278	280
388	292
107	374
401	296
323	510
302	386
320	405
319	378
496	292
318	257
316	66
292	319
307	506
335	330
309	94
168	154
384	396
270	180
248	296
265	93
420	130
72	320
433	336
300	362
286	329
291	340
185	311
408	399
156	379
298	132
309	2
302	470
276	312
454	208
203	530
143	247
428	383
263	210
338	452
291	596
290	94
343	137
184	402
361	226
505	331
300	62
282	426
351	339
299	216
484	184
309	374
251	302
366	318
288	215
314	104
286	40
282	205
308	87
290	136
335	383
442	338
326	427
352	185
445	443
449	238
266	250
293	378
363	102
185	404
178	114
282	238
301	70
285	212
288	110
288	222
372	394
527	459
316	156
181	231
384	414
318	219
321	344
283	382
502	203
247	414
301	190
322	366
307	292
379	194
228	215
180	170
97	261
341	140
316	567
277	19
376	408
351	222
386	315
423	199
257	340
240	230
194	261
495	314
301	122
317	253
540	256
299	174
393	105
116	231
426	208
192	506
250	535
295	144
217	290
444	384
298	470
308	504
89	425
116	245
74	196
276	323
271	45
369	199
461	106
274	15
297	383
283	200
90	411
134	358
208	108
430	341
402	471
203	498
284	310
241	440
216	567
299	117
162	425
279	527
314	133
357	499
300	443
346	469
208	218
505	220
296	140
42	328
210	299
286	488
300	386
182	186
300	348
528	191
336	115
56	296
219	517
390	272
231	256
290	165
315	50
260	233
228	524
251	155
396	266
285	64
302	359
356	84
474	414
256	68
318	88
205	254
230	66
229	376
288	363
304	399
409	349
186	139
244	255
281	397
220	487
261	430
485	299
218	479
291	329
382	295
534	368
347	52
347	368
349	518
290	472
352	250
37	320
167	115
420	249
162	98
379	107
414	392
307	399
249	555
136	342
330	97
286	136
407	236
389	444
329	162
117	418
489	192
338	163
411	55
235	277
205	355
302	11
299	441
310	197
33	236
315	494
303	508
261	323
268	331
242	343
297	360
267	11
512	208
332	441
177	442
230	556
303	219
289	32
461	357
316	425
282	473
278	279
295	162
262	238
261	286
400	158
293	84
329	123
294	300
155	439
155	122
171	125
305	591
305	214
133	479
272	354
147	230
305	412
67	318
311	435
496	266
265	256
156	409
456	275
327	107
460	127
117	156
214	263
220	420
315	462
295	431
476	316
97	232
464	308
377	161
538	388
420	204
92	300
306	52
452	447
166	241
266	465
48	301
360	463
140	254
466	275
154	445
300	564
326	218
366	363
174	183
170	283
298	429
331	428
97	266
190	271
220	300
181	432
334	395
228	203
368	29
273	190
297	29
231	477
220	463
304	267
390	483
381	300
218	211
302	534
192	235
297	502
300	367
248	417
340	261
480	502
262	277
349	517
217	520
336	225
345	330
302	595
316	183
389	236
296	471
387	369
195	380
288	491
201	398
244	241
460	250
120	480
361	219
273	274
348	300
294	215
475	170
208	240
245	342
295	497
111	246
185	329
197	160
51	441
443	207
323	117
36	260
326	480
302	61
446	296
319	222
480	267
302	57
260	392
92	296
354	576
214	237
572	276
308	270
263	389
285	55
250	139
300	397
372	262
326	538
375	489
103	396
290	308
274	272
420	239
72	343
294	215
281	215
227	29
294	327
244	16
317	234
503	342
278	372
415	195
112	458
365	368
226	270
357	463
429	480
446	288
321	478
198	386
242	80
312	309
370	268
126	149
196	216
285	290
351	146
474	287
260	540
216	60
286	38
308	324
338	224
231	196
420	229
297	235
282	312
246	396
504	300
369	414
92	376
149	164
355	130
339	166
284	394
301	467
255	337
318	92
323	17
274	395
351	346
401	187
354	152
147	422
400	324
300	37
284	171
294	530
366	194
298	547
303	339
187	543
291	456
80	236
331	101
229	303
423	349
356	283
309	166
143	301
290	143
300	144
529	375
347	262
297	2
479	199
122	497
236	88
285	250
122	250
267	129
343	205
263	263
355	195
222	406
313	122
249	517
289	154
508	150
201	345
216	449
505	134
409	301
350	499
502	241
301	250
209	159
345	488
384	74
230	407
131	280
456	365
198	452
481	314
221	426
391	79
456	487
188	277
185	442
229	304
480	467
247	435
301	102
298	7
367	506
242	565
360	79
309	530
279	382
545	402
386	90
382	415
233	453
380	352
377	152
314	322
286	213
302	65
356	135
325	43
358	446
261	418
164	291
359	380
156	175
149	294
300	202
263	187
211	132
267	476
308	432
300	162
242	320
296	281
134	355
315	68
209	422
279	98
288	393
262	421
122	147
411	280
173	153
271	50
114	264
331	458
341	379
164	75
394	73
268	400
62	156
285	474
122	199
27	300
549	293
394	348
267	294
280	95
326	79
442	341
249	218
326	331
489	112
375	540
206	199
382	348
283	430
221	298
293	569
144	306
392	326
372	500
238	538
300	94
310	348
161	149
467	120
145	192
298	382
410	311
347	182
306	72
254	24
337	288
267	201
463	198
284	96
309	338
212	208
265	479
314	256
171	151
296	367
286	427
117	394
390	113
337	449
107	352
288	334
225	193
256	137
364	205
300	498
310	328
382	433
512	287
244	440
282	403
171	322
198	369
550	341
151	206
185	145
291	87
244	211
401	330
279	53
306	483
201	392
144	84
326	95
264	502
244	459
224	511
270	364
163	550
374	398
184	177
363	332
471	492
348	139
205	299
83	324
269	397
340	236
352	481
69	188
247	471
240	91
96	256
359	427
417	380
272	34
334	267
338	390
298	195
188	490
321	128
229	237
298	187
324	9
343	117
518	315
273	159
275	91
362	31
87	311
388	303
244	493
166	312
349	361
353	494
320	159
361	196
319	43
303	482
259	443
315	409
345	69
476	299
237	198
323	542
219	405
313	311
272	11
273	581
132	308
257	178
453	349
320	309
329	372
323	83
212	273
39	272
293	421
248	125
290	289
277	255
302	349
563	313
226	403
270	71
300	316
342	99
389	251
468	380
394	482
289	188
300	489
445	313
275	306
415	452
39	265
303	90
228	156
80	374
147	320
265	485
313	43
208	218
248	190
538	263
395	538
469	409
308	238
60	167
148	354
366	466
153	195
232	559
383	267
497	430
192	130
357	319
284	135
77	258
274	484
240	259
429	275
286	341
116	208
483	311
300	289
365	388
348	399
282	102
269	366
292	215
250	256
303	251
117	396
307	133
297	563
377	423
349	292
302	461
324	169
382	162
376	178
464	261
302	134
276	55
303	220
303	184
277	308
156	284
82	389
275	444
367	262
510	211
352	55
157	290
270	212
378	260
321	202
214	393
268	452
270	530
266	304
404	442
315	544
310	252
295	193
297	395
102	344
274	170
403	457
316	499
405	203
319	260
343	120
285	325
393	233
360	344
182	312
274	250
314	118
300	465
312	544
393	300
249	110
342	46
298	36
344	42
347	131
377	91
318	369
336	481
370	150
348	518
295	201
300	72
290	30
346	224
441	80
227	518
172	389
398	437
192	272
489	266
383	267
197	98
105	376
304	360
421	480
291	190
303	125
355	278
274	161
256	361
169	172
275	562
455	342
336	129
290	300
312	387
502	260
301	364
267	455
407	128
291	233
148	239
362	321
262	490
175	308
280	62
226	419
419	313
466	380
220	544
238	436
377	255
175	151
558	385
451	346
214	388
316	95
486	206
309	250
264	528
279	365
300	435
351	480
268	482
294	191
304	104
248	384
293	479
299	300
349	502
206	422
279	307
210	444
319	283
274	512
431	345
430	132
233	422
290	204
352	28
287	252
257	180
278	217
330	334
381	307
227	463
328	110
156	260
241	249
455	132
312	519
298	198
244	100
260	293
128	268
237	183
371	359
328	456
35	315
314	186
191	400
325	207
229	347
285	137
373	423
296	198
334	338
407	301
294	528
379	342
155	338
269	514
168	438
313	449
239	232
363	348
216	372
355	426
22	351
292	482
480	387
368	434
272	507
281	407
300	74
398	498
315	521
197	51
383	172
317	493
59	429
422	308
308	548
272	192
269	369
202	82
314	251
267	102
290	271
279	17
528	318
324	245
346	325
333	572
279	438
271	255
388	258
243	467
305	576
124	92
248	291
258	521
247	555
341	499
156	266
316	54
316	164
365	176
276	313
89	257
292	210
521	327
295	348
282	222
319	104
155	305
362	364
297	266
396	514
281	454
506	485
187	164
329	167
441	298
519	428
290	466
302	132
252	184
359	127
317	82
122	326
418	496
267	73
466	134
183	386
401	140
316	279
274	203
217	120
312	354
248	45
316	113
467	529
287	253
347	164
215	346
221	200
182	259
510	382
378	417
256	504
232	250
282	483
218	420
530	401
512	439
279	379
227	277
313	172
290	450
346	441
393	442
214	114
55	296
457	160
310	131
212	316
293	176
397	121
229	472
200	503
175	391
260	303
501	415
210	55
268	509
322	489
334	308
473	139
500	326
293	400
312	257
235	315
464	348
287	221
478	388
88	160
325	516
423	449
115	234
154	155
371	434
537	253
368	48
87	241
190	303
488	284
271	353
380	298
294	319
283	466
337	448
278	145
270	300
299	500
300	164
296	147
270	398
365	460
305	140
374	255
298	255
300	283
331	277
308	56
229	433
249	505
274	12
331	359
271	525
125	328
139	274
467	225
300	423
127	357
163	231
341	171
458	184
300	467
275	519
273	588
307	111
272	126
199	424
254	167
287	526
423	148
317	183
192	104
329	311
328	397
306	403
186	376
394	553
137	319
288	320
463	315
427	430
302	580
247	186
233	228
321	531
277	498
293	284
266	308
338	288
213	212
279	277
496	335
414	486
303	358
168	390
67	160
393	183
309	161
336	147
310	359
194	441
139	449
456	452
278	356
304	82
170	446
259	390
138	358
561	205
242	98
307	479
428	235
233	556
184	455
204	160
486	319
444	383
266	364
171	391
357	329
406	215
300	106
148	438
301	409
548	197
349	94
309	356
300	149
265	462
108	299
380	275
81	401
562	293
307	207
249	29
404	316
269	534
302	149
292	309
511	248
225	61
302	143
207	274
264	556
286	389
377	550
52	272
397	467
368	425
419	474
298	229
42	297
59	301
189	206
313	243
487	483
403	522
221	251
479	201
355	400
393	180
181	357
249	572
378	565
287	139
279	478
348	209
331	156
417	514
298	314
242	100
368	459
254	316
187	442
168	463
196	273
335	88
410	543
410	111
254	189
234	112
541	250
233	380
142	227
291	61
310	371
304	102
336	509
256	347
453	237
340	478
272	175
157	141
397	354
350	265
257	195
302	374
327	443
520	307
405	205
414	405
307	63
269	333
389	580
140	534
183	513
238	485
241	240
146	400
445	316
323	364
364	350
286	120
329	526
318	353
298	524
237	84
429	183
178	298
480	264
301	363
315	262
296	323
421	301
162	264
433	445
295	281
257	298
275	294
264	469
352	113
290	439
176	240
377	153
300	405
280	548
283	539
299	579
268	79
338	76
391	211
384	82
380	337
220	377
357	541
356	201
301	202
331	48
394	312
319	430
313	264
181	300
157	282
526	290
416	191
334	371
285	245
278	366
312	125
277	402
294	381
281	118
209	108
254	574
371	166
299	297
355	216
165	518
383	432
263	578
127	132
292	139
207	484
294	334
263	414
119	432
276	510
455	189
508	343
316	492
312	227
415	192
285	548
398	286
289	188
300	438
48	300
240	223
342	164
324	296
254	69
408	492
119	307
341	414
338	177
334	60
522	246
327	200
270	371
299	335
257	199
135	317
422	375
325	362
295	427
368	52
307	67
301	136
311	103
470	458
309	63
83	266
111	259
413	74
264	437
435	113
153	385
264	155
240	177
431	348
296	381
354	300
300	557
273	107
506	143
540	222
270	244
280	312
314	261
216	429
271	62
290	310
390	366
321	420
337	219
311	532
156	140
340	390
206	252
274	268
433	264
452	299
374	321
306	240
427	313
336	190
519	347
532	319
448	229
300	489
193	512
311	596
549	270
98	337
334	281
32	299
370	153
240	414
297	253
356	479
265	219
195	529
190	146
336	589
101	353
260	58
249	69
146	244
260	42
279	114
343	134
264	225
256	306
254	199
308	445
370	570
313	490
292	85
331	490
381	379
406	335
345	342
258	300
210	240
270	206
253	230
313	220
445	555
390	280
385	129
325	372
592	325
362	78
510	251
340	518
351	311
253	29
311	566
269	51
454	433
441	412
265	329
364	315
129	452
299	566
252	31
266	381
453	404
284	523
276	148
355	373
362	206
174	500
199	444
256	48
263	217
179	52
323	323
261	438
452	477
317	283
197	350
379	242
309	408
281	174
25	307
64	275
288	236
288	42
274	202
329	389
90	292
276	122
443	287
362	241
297	138
362	45
405	205
290	123
345	179
544	393
325	478
419	237
232	86
426	381
50	327
175	395
277	34
385	336
294	55
251	150
62	152
285	221
392	295
347	174
298	471
316	176
113	309
318	22
192	318
404	202
299	289
202	39
261	566
369	88
179	235
303	99
286	271
463	325
286	307
355	102
324	49
284	506
314	262
337	327
186	216
200	404
468	317
225	136
130	289
179	297
319	559
225	388
289	522
330	300
301	173
418	188
372	23
440	149
459	122
293	392
281	252
408	332
395	417
178	289
209	141
385	509
138	269
242	420
55	307
303	151
370	327
139	303
301	545
284	422
361	48
300	522
382	123
82	229
321	529
336	86
246	170
373	446
246	253
133	184
35	287
259	325
347	348
366	356
280	325
254	321
479	469
288	404
416	334
291	27
275	401
310	219
290	248
512	269
383	211
355	240
262	254
227	431
303	336
273	32
294	400
318	377
302	320
249	522
312	106
113	357
438	287
362	271
482	389
482	456
300	515
13	359
224	192
482	477
319	217
301	545
488	489
343	52
254	84
283	316
334	286
297	523
289	493
266	164
115	155
269	229
356	479
122	296
552	186
311	472
379	82
475	178
369	117
395	329
295	74
160	403
339	236
379	402
328	189
262	73
266	255
282	228
283	375
231	536
295	186
180	161
310	340
313	50
401	209
283	486
305	386
386	576
333	281
304	206
285	481
140	266
351	495
391	330
478	252
91	296
306	448
382	305
412	254
350	302
301	297
377	422
192	188
117	320
562	300
293	290
406	277
284	323
393	259
436	279
249	493
439	481
38	329
344	308
448	433
259	353
209	409
274	139
369	159
234	148
363	412
298	134
544	434
325	339
235	104
367	318
277	281
257	531
277	237
235	161
268	191
269	214
240	225
198	440
125	420
257	157
351	403
471	220
159	338
368	256
467	436
282	117
329	233
370	115
365	530
490	153
134	268
411	201
259	39
266	479
435	159
74	372
248	393
346	221
511	171
292	434
342	439
460	343
328	159
325	452
304	425
486	170
280	118
202	300
234	191
158	318
416	372
286	125
249	444
265	490
430	215
87	240
349	324
242	342
427	439
84	254
300	470
491	309
167	123
277	169
341	424
300	256
283	71
122	240
375	95
256	358
203	287
327	438
262	280
183	80
363	103
237	522
409	385
454	367
490	203
364	291
274	521
199	490
273	403
275	193
334	502
416	443
241	292
398	542
300	361
254	106
283	67
327	349
222	434
400	399
299	583
260	329
246	435
231	540
325	121
355	316
269	520
255	154
293	140
314	93
314	451
237	413
239	76
276	540
223	182
416	190
302	328
367	294
316	248
315	27
158	263
261	510
419	170
534	284
457	297
421	84
274	27
274	51
208	155
52	301
78	247
243	330
223	421
8	293
264	343
305	38
401	222
287	517
311	33
298	517
247	490
289	441
209	461
108	217
171	414
285	358
214	269
349	362
441	202
167	364
165	233
278	233
69	303
406	273
540	277
366	150
297	504
299	518
134	311
379	378
306	5
480	387
450	107
299	221
272	194
437	198
306	565
353	430
414	237
260	195
299	327
148	149
189	404
338	467
300	168
197	231
376	265
312	338
327	362
265	23
294	181
305	359
531	299
302	388
386	151
322	367
259	371
440	396
331	543
284	73
133	466
267	444
524	335
257	438
301	305
304	177
252	80
226	280
347	260
212	521
285	443
241	291
325	457
174	377
479	305
302	117
78	227
225	246
404	104
239	10
223	394
247	423
285	116
258	159
43	308
313	161
132	385
234	393
252	293
370	175
256	19
194	129
301	121
148	315
232	137
335	471
210	159
125	287
265	266
232	42
416	237
290	474
460	155
150	321
130	325
233	167
229	136
209	109
353	198
174	92
152	241
354	538
483	105
378	269
278	107
310	325
234	158
388	186
350	52
245	142
360	352
508	259
181	297
372	145
405	509
421	327
390	398
242	143
348	27
357	46
130	296
288	282
370	322
298	300
312	163
319	354
321	482
300	514
251	290
258	345
88	171
474	158
253	312
392	404
217	545
300	319
413	46
283	177
278	318
333	84
258	104
338	449
493	430
320	371
99	477
232	502
247	287
342	98
307	101
414	360
117	310
129	139
123	144
387	70
343	338
262	381
328	206
99	258
358	85
302	205
301	373
240	343
289	436
196	300
390	312
283	422
354	413
318	319
284	376
384	95
325	427
283	326
339	419
157	171
325	195
247	447
296	395
292	455
244	573
211	362
379	361
292	109
458	258
379	526
382	202
313	265
311	266
255	96
290	297
80	310
321	88
296	532
241	337
245	56
296	332
397	458
267	344
422	256
346	528
212	361
411	73
271	396
360	347
219	535
318	302
354	463
163	412
302	347
183	166
210	383
8	318
457	493
433	319
289	491
236	362
207	532
66	281
197	456
148	410
460	229
317	248
96	339
316	65
328	289
255	570
300	222
295	73
441	383
401	478
310	425
290	354
253	139
481	385
195	450
308	504
407	437
102	121
147	338
299	354
283	4
257	493
188	436
371	106
429	335
273	241
318	94
176	295
158	163
334	282
359	130
283	309
254	550
340	327
299	380
308	240
327	542
296	412
256	321
241	367
291	322
311	478
214	61
362	394
238	376
364	502
191	322
109	471
305	499
232	463
275	359
158	435
294	548
405	278
318	176
346	16
290	98
257	364
300	175
317	557
328	497
221	336
281	251
550	301
244	147
21	346
301	240
429	308
120	178
314	148
272	169
187	182
314	292
274	149
416	344
328	16
423	445
442	444
388	409
497	339
84	333
193	237
169	385
356	256
286	431
380	214
307	410
250	153
147	205
200	176
258	449
340	84
300	380
307	203
132	256
298	195
237	246
301	125
209	248
228	517
296	305
278	236
392	399
192	52
48	260
456	160
293	596
279	202
257	422
131	357
381	449
239	79
242	252
88	369
206	63
359	327
239	244
343	63
532	335
301	593
465	326
233	276
234	547
300	165
126	123
255	482
395	262
335	422
237	468
293	394
263	502
452	190
326	140
379	336
474	358
224	433
229	466
363	212
301	544
534	196
151	317
269	484
405	202
171	278
450	339
353	242
223	220
418	248
307	441
248	545
145	477
334	312
299	225
221	112
314	303
300	9
212	72
271	224
465	298
184	331
301	169
293	435
432	516
343	114
242	384
206	565
331	142
284	66
134	265
497	296
250	84
340	291
308	70
145	260
468	315
187	324
227	188
258	374
212	378
291	257
141	453
435	401
243	394
461	356
266	426
480	377
385	137
270	528
294	48
264	333
324	373
383	191
300	583
397	166
318	533
364	469
301	230
284	71
335	19
132	263
256	388
285	108
368	300
318	403
415	76
361	519
135	295
227	262
376	463
267	525
93	201
64	456
473	499
417	297
350	194
392	333
96	306
458	470
214	475
365	298
357	94
334	91
354	396
290	402
320	481
332	266
265	229
210	527
216	438
300	210
433	466
299	79
353	407
305	550
234	449
301	127
141	288
378	235
195	263
283	224
257	262
286	505
174	331
298	85
527	364
461	291
252	532
159	312
544	243
288	213
142	406
297	581
248	442
277	191
267	44
422	292
183	355
412	248
267	78
245	477
292	575
358	145
383	278
307	238
247	189
320	376
201	266
144	188
248	284
474	392
383	441
333	409
449	380
318	566
400	250
180	417
245	183
247	177
298	191
254	245
159	213
488	310
312	413
119	350
272	571
311	395
468	333
161	289
326	513
286	128
289	143
348	437
451	247
202	471
350	259
218	477
306	194
298	535
345	91
325	454
523	227
296	505
265	66
279	144
413	273
468	163
318	129
150	353
267	198
359	218
338	309
276	160
214	314
274	321
375	388
565	323
294	340
381	503
141	437
391	203
470	499
273	490
283	12
235	200
328	430
333	419
325	468
349	208
376	312
528	311
362	507
365	102
304	290
364	264
348	60
272	360
395	86
202	575
125	360
340	298
325	253
302	301
253	160
453	261
283	341
418	178
358	256
272	501
306	415
407	172
300	461
471	292
192	200
367	452
221	366
422	33
322	253
354	486
204	365
334	212
277	259
154	503
265	588
249	283
92	438
296	509
404	411
437	225
366	319
446	330
116	290
290	160
295	396
321	476
422	225
388	435
442	408
436	300
159	240
396	281
375	423
371	447
257	103
362	517
473	421
338	225
300	572
288	494
300	16
295	527
283	43
346	35
414	520
331	525
295	179
401	126
301	243
402	158
392	103
296	471
479	447
293	104
250	155
298	463
233	537
359	325
398	100
198	94
480	468
251	526
263	594
381	416
313	432
357	282
289	108
319	46
243	214
369	440
345	311
507	334
354	212
301	55
251	240
84	352
288	376
302	176
330	535
491	202
249	289
482	293
436	370
242	375
88	296
243	124
227	190
243	533
311	309
517	196
309	407
384	378
65	454
207	278
46	369
187	284
253	321
195	304
372	56
525	325
222	151
262	273
94	246
433	362
240	421
321	392
414	329
408	179
169	465
243	555
164	262
442	416
178	40
586	290
394	299
206	356
248	327
278	219
77	175
373	200
317	319
343	421
308	62
313	104
287	300
406	460
227	322
287	106
326	196
308	255
303	430
299	185
167	387
290	369
407	182
390	229
373	428
225	265
200	375
295	180
429	292
368	429
224	116
264	224
518	445
141	324
335	245
450	152
483	415
332	387
254	516
439	95
266	271
527	419
275	349
149	428
304	89
314	255
334	415
211	128
381	347
228	368
298	99
295	481
232	180
407	251
85	351
487	449
455	336
300	182
301	220
263	460
306	357
296	481
382	110
407	180
308	192
313	404
305	248
235	498
343	512
220	368
136	518
401	379
153	312
312	87
131	316
367	215
296	22
377	395
405	260
306	337
227	290
284	505
309	280
239	279
340	491
210	414
303	506
302	333
424	372
479	307
271	93
194	389
225	362
387	455
338	372
387	258
356	385
320	352
260	135
385	309
225	98
518	131
457	145
456	444
211	465
369	485
299	374
353	473
114	318
330	512
75	302
278	466
159	188
254	313
401	85
306	27
269	31
328	164
582	273
349	257
304	516
427	429
274	360
226	96
306	171
169	212
522	293
243	127
86	341
254	549
351	437
383	571
410	303
69	366
285	548
272	135
447	491
395	300
319	105
54	368
300	103
272	7
369	133
14	284
318	369
335	150
252	97
431	274
306	217
264	381
283	6
265	564
318	92
309	130
255	308
142	182
280	311
238	193
517	420
245	330
120	236
296	412
478	117
306	432
503	308
270	325
299	412
299	258
345	214
513	407
181	394
454	355
288	506
343	281
193	184
256	190
265	430
303	451
356	77
547	284
297	204
303	219
186	556
451	324
228	395
315	437
357	565
189	392
231	379
267	430
324	12
280	331
269	431
344	246
264	271
248	331
386	266
377	193
389	181
398	338
260	412
181	485
290	107
334	73
342	391
264	255
50	305
427	151
321	583
161	304
245	217
275	280
256	485
299	111
219	222
191	103
384	191
108	356
187	304
485	312
288	90
491	358
343	408
162	476
510	473
271	248
213	571
114	162
166	375
281	423
331	58
290	449
300	171
318	161
270	267
356	328
96	259
369	269
291	301
238	177
453	463
298	63
298	90
449	198
247	443
299	225
234	210
279	317
355	449
321	49
419	81
293	96
29	199
411	278
413	163
187	283
259	320
377	413
147	281
398	348
362	349
306	451
405	105
290	120
97	326
119	338
120	319
320	48
309	243
352	68
349	147
283	230
315	30
148	377
391	197
402	176
353	233
262	433
334	434
439	525
214	175
388	338
345	228
300	366
312	86
295	353
117	300
459	236
124	301
163	194
340	207
353	557
317	261
213	162
229	522
325	239
177	380
298	320
333	296
285	513
432	58
289	130
94	218
371	505
319	213
419	542
321	341
240	176
300	476
325	262
136	116
272	47
270	141
407	225
327	309
73	318
292	91
300	102
399	145
310	237
432	306
294	229
201	442
216	306
278	153
238	143
293	189
424	196
304	213
317	106
257	359
116	146
123	329
393	154
355	334
293	244
222	58
86	338
223	149
228	492
252	581
300	190
154	462
291	358
341	412
290	465
257	314
353	396
298	140
490	365
261	310
325	208
360	424
107	486
310	362
280	193
292	493
338	582
335	223
319	27
318	333
276	441
363	335
226	48
354	148
445	246
257	331
260	83
291	10
435	372
411	385
196	471
359	357
229	205
363	240
32	393
249	241
291	241
300	262
323	65
434	136
303	251
376	553
551	285
194	326
320	208
273	400
254	497
296	580
343	403
233	337
508	473
112	135
233	547
213	489
295	125
363	246
364	546
335	555
319	51
145	436
351	437
347	450
427	258
545	266
91	144
317	13
248	366
134	253
244	278
343	216
373	348
290	122
313	81
206	424
378	526
351	325
339	189
248	197
458	474
305	269
355	288
271	457
455	251
288	427
307	483
388	294
100	331
376	281
389	416
248	117
353	314
236	101
165	272
297	244
172	479
307	374
341	145
303	514
301	265
278	36
212	192
188	430
217	421
300	597
271	43
245	357
153	112
259	393
390	242
236	324
310	96
259	481
317	205
227	173
371	148
246	285
290	504
300	452
352	297
227	39
142	267
144	202
328	146
493	446
360	150
181	305
398	241
229	458
217	386
275	489
355	358
313	176
290	249
171	340
294	417
366	549
319	510
451	214
378	493
270	470
127	236
312	279
304	37
307	272
199	349
298	380
101	87
545	367
294	67
327	377
135	280
285	506
293	381
304	230
378	466
165	346
322	160
289	456
338	260
373	462
256	556
487	287
146	357
219	235
285	312
472	409
326	415
127	208
473	431
210	325
139	477
325	197
259	106
192	533
348	358
312	5
239	252
506	387
255	225
280	89
224	482
66	301
426	240
261	209
332	123
201	221
300	448
310	271
281	223
367	157
218	405
269	43
457	505
182	364
285	382
297	383
260	377
335	156
138	497
239	547
316	55
248	465
318	276
254	253
321	331
341	378
396	397
416	279
302	36
404	228
404	304
317	184
281	377
102	426
216	465
207	550
79	158
314	549
521	220
326	167
194	309
303	521
36	244
286	86
315	379
303	261
289	92
176	190
273	519
326	390
244	218
221	133
314	149
260	487
321	111
529	226
413	425
322	226
286	509
171	169
184	219
242	128
407	264
331	288
342	245
548	265
253	155
353	140
214	280
494	254
287	566
110	438
336	510
130	132
356	308
303	425
227	329
147	323
300	449
377	414
336	379
257	473
293	243
333	211
296	571
252	542
299	180
291	287
297	247
472	171
215	168
360	242
124	458
253	189
267	185
300	213
203	343
382	117
271	169
206	231
294	354
305	97
325	24
318	216
267	578
315	260
311	42
324	520
377	194
250	367
300	369
302	249
259	540
188	247
256	41
268	383
507	437
334	292
175	344
364	294
221	541
299	105
305	59
52	260
262	426
292	370
307	86
357	267
438	459
170	131
143	157
281	540
281	382
306	164
405	499
395	417
366	72
344	512
398	220
253	453
319	370
290	83
462	526
289	328
294	165
196	201
430	297
393	406
211	315
378	530
476	357
205	217
396	59
432	239
395	108
307	162
300	482
412	327
178	461
150	506
416	206
268	475
300	92
289	584
319	156
315	315
340	425
252	198
488	231
274	199
407	269
173	482
221	222
290	254
287	49
339	138
203	225
292	295
189	429
352	168
237	288
285	533
349	460
450	483
510	443
311	416
122	393
468	293
311	282
341	261
285	188
254	376
295	72
28	286
430	457
304	341
352	59
310	167
363	390
214	414
203	276
106	221
292	404
292	56
181	318
308	249
256	165
500	304
414	312
331	364
350	417
375	277
363	467
341	382
279	42
294	297
360	311
376	308
206	242
267	337
289	398
368	220
461	428
388	278
395	559
185	217
245	251
95	299
223	289
281	563
353	200
425	218
309	370
382	181
240	339
302	407
387	333
391	175
408	396
241	90
269	32
249	236
279	474
287	570
379	109
300	548
349	284
208	300
129	104
266	285
207	286
507	445
345	521
249	511
333	542
292	455
468	285
318	434
312	463
487	302
125	222
302	157
394	141
375	272
284	350
310	227
267	137
309	449
299	457
30	273
473	164
157	276
375	39
300	336
380	430
172	416
268	425
395	355
552	300
509	178
475	420
326	391
307	219
271	361
390	430
108	207
299	227
153	396
211	267
208	483
412	170
469	132
207	301
287	411
144	490
209	534
340	100
399	450
267	516
184	332
423	162
359	281
298	133
350	26
393	139
200	86
99	401
229	443
467	249
241	447
321	558
455	194
414	512
318	469
251	51
373	495
342	332
314	137
365	420
340	18
351	168
352	186
376	172
300	326
457	126
137	309
300	361
317	287
403	325
299	542
272	398
409	506
413	555
288	114
172	492
282	409
226	424
320	107
375	76
299	263
295	466
489	309
344	247
222	225
317	353
280	233
320	300
278	371
304	521
431	125
308	145
275	97
319	155
224	345
273	503
471	262
270	272
415	254
471	329
408	62
275	496
85	180
310	438
378	440
284	115
405	397
229	384
227	314
350	446
326	274
248	223
293	181
293	334
385	245
301	78
312	107
473	258
48	392
153	362
103	447
300	137
16	260
339	189
289	109
450	156
260	375
186	105
196	395
201	203
306	90
316	289
241	251
168	218
121	246
407	414
246	480
340	444
321	173
123	395
302	57
115	352
231	121
236	414
191	406
327	338
387	248
253	77
306	255
236	72
310	125
285	174
165	327
187	383
370	493
420	521
294	187
199	527
260	156
304	344
436	299
297	82
251	377
327	430
356	273
255	237
467	348
445	351
268	35
335	245
157	361
526	368
314	146
367	143
400	90
302	226
455	85
271	158
338	280
298	288
351	377
283	271
326	172
530	257
287	51
350	294
204	477
233	307
317	162
281	361
254	450
242	504
291	107
300	82
560	268
221	335
330	336
303	90
287	503
250	414
353	68
233	413
272	204
195	448
368	300
410	247
284	270
454	129
269	226
319	527
305	595
311	282
425	265
457	350
267	322
112	407
325	477
288	196
475	327
219	380
248	359
300	21
362	567
549	293
104	98
242	201
345	440
298	89
368	255
320	402
321	307
306	540
314	117
299	146
302	28
207	145
344	360
334	241
301	63
292	279
322	561
299	498
250	223
253	293
206	459
239	112
483	380
349	163
243	247
484	209
304	409
291	539
310	303
403	433
300	213
83	176
409	508
191	61
319	135
330	441
350	132
549	242
312	215
458	129
240	361
99	242
327	301
179	301
175	193
498	203
168	313
281	79
274	240
296	434
313	221
325	196
295	150
188	107
171	80
262	300
211	379
258	282
416	337
155	446
281	299
220	271
336	372
327	193
37	307
442	212
358	512
342	154
299	281
275	176
232	225
274	257
261	374
393	515
336	150
265	346
261	406
385	389
326	279
281	502
275	176
320	199
298	208
420	361
183	177
417	385
286	302
284	322
290	316
315	375
364	84
255	505
368	163
173	181
346	254
377	211
222	196
334	293
315	123
298	175
262	46
319	123
96	364
252	362
504	220
266	365
364	466
220	412
299	541
486	446
225	88
329	225
250	385
302	75
83	303
484	391
296	565
287	139
282	345
339	86
315	389
376	470
255	388
388	385
196	132
212	480
295	574
344	279
312	559
154	393
354	74
308	325
275	72
182	300
286	94
517	286
299	285
208	545
278	67
152	418
349	213
431	305
465	447
228	161
483	181
366	167
396	169
300	527
300	369
124	309
371	66
168	258
474	224
369	300
512	212
268	202
257	369
324	386
491	361
443	334
341	393
393	391
300	54
370	453
420	333
120	173
368	399
233	293
185	474
316	71
390	309
300	358
228	406
337	43
278	299
244	195
441	395
333	101
312	166
324	241
334	398
199	392
242	172
217	170
469	513
314	451
214	307
302	184
191	443
424	74
320	299
213	217
270	12
278	221
320	241
313	460
109	297
188	326
157	322
160	183
455	172
439	370
405	276
362	386
474	417
348	345
341	498
155	447
383	98
230	225
213	539
392	132
108	406
299	189
280	210
389	424
278	124
295	4
224	53
119	352
373	202
365	263
360	533
285	561
319	90
302	424
158	405
341	214
350	270
478	429
325	490
194	218
321	271
248	271
313	85
362	321
306	547
480	315
288	55
366	540
225	237
223	244
272	528
300	583
303	34
265	294
289	35
122	268
335	506
198	402
262	322
551	318
266	520
97	292
251	476
292	249
444	393
227	180
302	572
341	101
434	210
410	500
350	520
186	339
417	192
282	260
273	376
360	92
367	399
227	143
247	260
364	302
51	224
310	555
301	345
538	298
243	365
234	423
261	503
321	521
380	144
321	465
297	223
141	402
293	540
123	474
284	50
307	459
258	422
213	301
184	295
388	269
46	300
298	575
288	267
279	168
28	280
309	234
258	31
320	353
400	335
296	423
273	411
295	11
330	536
299	163
299	297
368	454
592	315
213	311
328	407
271	365
201	483
399	440
317	455
417	327
312	99
278	339
234	453
565	247
279	127
438	360
302	425
286	104
377	140
299	367
263	111
244	298
118	256
268	253
172	250
470	351
366	135
306	542
283	171
337	321
389	330
323	303
269	244
234	406
311	265
312	568
385	364
284	455
430	481
178	339
239	386
330	202
372	338
202	396
358	327
290	390
290	165
250	82
287	112
445	422
149	396
300	185
203	61
285	265
451	129
559	331
56	401
296	453
278	400
363	102
195	174
240	368
300	467
114	108
334	480
94	315
168	562
248	211
170	291
190	274
300	473
365	172
182	153
310	534
346	383
306	114
404	275
358	207
280	291
305	368
351	526
168	429
217	404
128	305
328	578
304	36
243	203
192	402
292	248
173	497
416	500
294	446
436	140
411	217
272	200
295	299
407	184
122	83
301	315
369	354
314	425
207	227
329	357
522	409
255	343
112	363
299	483
159	273
318	479
408	335
309	82
335	157
408	431
285	353
251	340
253	27
453	401
173	543
348	133
216	304
406	261
435	324
280	380
300	278
161	236
238	264
482	196
301	460
345	508
267	428
423	541
205	333
117	386
230	222
428	439
300	589
300	228
116	464
182	342
336	27
547	330
300	76
322	514
169	504
494	83
326	157
291	478
190	301
217	195
342	289
295	385
247	196
313	324
362	336
307	305
129	419
286	268
196	151
272	345
413	410
93	310
226	88
349	507
265	288
347	464
338	289
292	234
295	395
378	356
433	194
443	147
328	228
300	500
324	532
426	204
402	429
235	483
317	300
316	408
319	541
35	317
283	167
270	213
376	198
541	267
210	560
175	240
337	444
387	372
384	222
272	488
229	432
156	240
300	451
288	173
156	453
220	299
374	397
343	233
439	117
210	225
113	195
314	474
289	86
304	88
325	394
406	278
329	241
240	264
376	229
227	16
244	430
359	382
185	79
266	109
305	319
422	186
73	218
312	231
482	337
308	108
231	124
262	171
512	380
347	271
291	588
202	316
446	395
317	326
397	141
300	13
243	112
337	148
294	460
394	318
240	137
298	594
339	368
229	564
310	534
300	237
290	52
219	154
144	341
291	341
387	216
300	264
382	88
166	338
553	275
328	424
267	64
342	231
181	129
284	560
370	456
469	275
275	283
463	283
503	125
123	340
297	279
289	210
136	66
301	260
251	515
308	585
360	227
469	388
291	534
336	25
300	223
329	307
190	489
276	38
279	201
447	532
509	300
73	233
487	210
253	31
376	316
232	540
94	433
206	344
279	185
300	226
230	267
358	135
324	347
320	248
439	85
208	432
135	242
139	149
130	268
284	446
90	320
245	133
297	388
381	252
282	312
436	539
259	497
392	183
346	151
45	298
372	503
258	267
343	121
336	184
300	211
478	185
131	334
280	577
241	270
410	318
395	254
236	384
256	240
257	417
317	359
173	228
391	150
254	323
306	300
374	433
299	228
252	341
232	402
561	307
424	530
458	262
324	494
96	239
426	253
271	326
317	134
335	177
176	188
327	346
289	391
394	218
336	428
420	308
333	207
327	287
413	511
342	331
302	16
301	103
337	427
134	231
285	221
300	206
368	507
306	375
241	142
41	288
302	267
307	330
273	357
269	587
347	447
344	286
234	380
222	430
386	113
174	401
442	392
336	322
279	86
276	468
50	285
375	348
198	351
300	58
281	518
489	256
385	92
224	252
125	267
295	399
475	311
307	530
220	344
255	461
333	121
394	519
185	255
276	302
317	162
534	345
213	447
418	109
319	407
434	328
219	265
269	240
184	555
300	538
433	458
307	559
130	183
134	160
69	312
329	504
296	180
500	332
298	45
278	92
456	440
240	256
328	215
280	334
330	332
279	246
297	500
182	144
314	288
549	314
379	247
258	377
257	113
322	226
304	365
470	365
397	526
315	199
410	446
425	215
109	475
351	209
415	365
452	447
31	304
317	308
417	273
46	316
459	328
148	514
301	314
274	248
135	233
258	310
359	176
164	296
300	488
228	343
356	221
306	192
234	367
241	262
300	310
459	428
372	402
323	227
340	435
459	71
332	223
346	323
248	358
340	239
377	294
553	313
263	79
306	340
316	85
352	82
265	250
220	234
366	102
21	280
426	335
102	169
251	362
309	147
363	36
250	141
418	465
361	50
345	63
357	162
305	62
292	26
487	453
338	153
282	499
421	267
313	100
250	339
193	199
301	333
388	284
198	173
151	349
359	313
346	97
327	376
343	497
356	410
266	302
352	204
307	484
266	114
298	317
309	410
409	173
231	341
347	363
472	188
343	252
361	125
261	327
502	489
433	447
260	93
242	307
477	275
379	494
455	136
325	366
198	271
374	155
422	241
388	264
330	355
280	41
337	401
445	151
479	247
281	385
327	166
298	352
234	158
307	461
289	256
257	444
470	308
559	207
311	157
178	315
416	172
150	375
426	465
230	175
526	419
228	579
345	61
300	575
318	381
283	529
357	263
301	31
106	242
427	369
430	356
172	438
303	548
320	483
327	222
442	377
114	271
77	215
224	132
286	474
271	318
334	191
240	286
111	240
290	65
298	250
43	249
380	426
317	516
231	55
380	516
312	550
174	488
248	437
465	266
373	129
311	488
114	173
487	507
86	227
146	338
484	305
340	481
310	579
299	53
401	26
407	146
289	148
372	314
311	475
228	208
277	505
264	349
129	266
260	378
184	275
321	63
306	31
170	354
289	191
324	371
300	150
365	36
413	522
300	539
280	460
96	261
283	152
129	443
233	452
281	157
84	342
303	254
343	25
333	217
139	429
229	430
395	457
313	242
282	110
178	39
381	187
203	98
431	147
360	160
268	471
301	402
546	258
314	110
330	259
142	431
257	251
299	359
316	187
365	465
127	470
320	307
146	407
248	176
136	455
366	67
447	154
309	520
60	453
531	152
256	134
49	334
347	409
206	245
351	202
316	383
230	244
325	260
346	339
374	334
235	180
120	159
359	377
368	316
154	174
283	244
249	134
299	572
401	102
211	46
488	360
403	261
359	423
314	470
248	396
363	157
320	95
298	358
286	546
431	495
310	205
110	450
263	440
328	407
199	312
310	344
323	306
385	357
353	534
457	177
299	83
402	355
319	308
256	337
442	518
327	273
107	296
254	168
330	114
216	272
145	161
442	252
311	22
251	171
141	104
299	506
215	405
406	251
272	299
317	402
334	547
434	225
430	340
215	520
175	342
350	192
243	225
347	379
501	328
416	281
138	436
239	379
284	204
212	125
236	545
316	373
87	240
234	528
311	292
205	219
97	426
300	259
350	418
352	463
418	368
378	436
472	406
413	221
391	196
293	180
271	373
139	297
334	176
289	571
123	184
328	94
339	341
429	140
261	436
527	427
336	459
155	391
156	524
300	520
268	349
373	288
270	425
165	75
240	172
347	303
322	322
283	10
299	404
320	280
115	311
321	181
267	251
243	540
235	204
346	314
388	277
367	228
415	517
299	268
87	297
340	555
304	515
478	361
153	478
185	530
306	482
202	244
306	453
327	529
248	413
320	111
142	427
286	286
326	143
468	474
466	159
324	517
329	580
235	356
238	176
230	510
318	298
158	361
442	200
272	429
298	127
295	590
438	229
232	392
296	533
333	394
494	420
451	300
247	280
302	449
31	249
410	183
303	421
398	298
453	454
209	260
400	347
82	243
326	339
137	338
191	156
176	332
165	531
228	97
376	403
359	219
275	98
320	174
114	146
300	465
245	406
308	486
249	328
417	220
549	155
264	104
276	513
290	423
392	116
313	479
298	367
230	102
306	573
306	264
156	525
293	374
239	272
313	199
303	551
314	95
298	124
270	406
347	485
234	198
274	159
200	416
314	145
186	527
272	255
238	310
236	576
334	188
348	186
300	142
389	329
277	274
300	419
275	377
248	252
419	187
253	524
92	464
466	109
383	193
333	69
379	329
217	404
261	99
300	20
273	518
491	334
393	294
352	260
272	291
213	372
339	181
387	269
427	228
302	309
415	467
300	345
339	370
96	209
159	430
211	468
550	271
167	555
314	105
279	253
423	525
366	537
256	412
253	154
301	355
261	402
316	521
308	494
247	183
313	294
159	333
247	83
353	407
232	506
363	100
164	193
366	565
341	144
432	85
226	429
191	243
491	238
356	242
319	558
433	263
220	98
326	69
290	504
298	73
203	387
116	376
359	204
333	197
283	78
547	366
339	407
496	363
221	510
333	240
361	354
220	90
285	160
343	125
322	473
325	252
372	95
453	520
172	269
277	571
345	250
249	232
398	124
519	287
380	487
249	294
235	496
248	420
462	339
327	403
285	529
199	329
337	354
416	89
551	371
279	255
276	266
282	226
216	271
112	416
378	234
110	313
328	437
77	370
295	453
416	334
272	478
296	280
427	287
306	190
232	24
329	67
310	565
161	438
271	150
376	155
417	524
218	141
312	284
484	349
308	555
207	470
174	247
169	172
324	109
328	124
441	105
218	358
291	366
158	485
408	465
283	315
295	163
481	182
488	309
345	388
437	47
572	297
393	272
207	460
198	160
302	536
209	330
251	59
342	275
299	389
277	425
355	449
339	466
323	163
309	382
219	149
255	97
420	47
96	201
237	210
220	170
323	203
185	403
364	218
460	93
292	199
339	212
338	453
353	276
466	251
293	332
314	577
232	473
307	28
364	223
240	343
140	100
362	255
268	492
220	188
70	256
353	313
357	265
230	372
472	277
300	232
268	17
428	372
60	289
424	541
535	375
517	176
340	272
340	166
284	311
302	448
331	145
420	136
386	344
244	399
239	122
465	319
67	466
320	356
243	476
324	344
343	96
311	520
296	171
309	126
263	522
178	108
300	300
443	295
308	277
420	172
420	404
256	535
284	218
300	313
294	467
378	422
271	529
354	326
347	419
40	302
363	398
388	402
314	94
257	229
257	108
133	378
341	553
323	363
453	362
303	548
236	74
314	193
217	363
367	291
459	126
297	319
443	445
318	27
291	386
280	157
292	131
366	468
264	288
206	349
253	447
224	189
244	331
175	256
377	33
411	137
209	121
210	304
104	473
304	116
492	209
289	404
296	329
266	181
286	113
364	203
22	348
412	278
234	246
297	427
240	398
305	267
189	200
369	492
485	496
389	310
152	453
113	209
325	423
305	126
203	363
300	103
354	182
120	172
513	138
423	109
438	523
173	255
321	508
427	350
320	212
289	424
108	442
260	164
142	269
254	435
343	183
264	72
175	287
304	127
494	269
416	343
218	183
74	139
252	81
299	501
303	398
377	99
279	530
300	433
491	219
405	140
400	545
257	244
166	105
237	273
156	422
228	463
397	341
410	376
300	183
311	264
313	451
175	533
267	230
218	235
384	383
264	217
232	338
241	186
110	392
34	316
390	55
352	425
312	500
265	372
336	515
139	347
191	241
299	8
253	231
243	407
277	187
231	286
207	258
425	460
369	422
143	244
82	292
308	79
226	395
137	364
403	271
380	284
130	481
550	340
250	78
502	352
271	412
117	232
177	277
425	227
235	493
218	290
306	585
157	445
528	453
274	442
236	374
324	188
296	37
154	228
531	379
32	249
492	329
133	276
216	179
342	573
291	122
245	491
261	258
288	456
352	413
321	464
132	344
142	316
452	89
271	581
259	402
393	217
391	251
124	197
322	526
293	410
263	261
396	417
274	394