399	258
257	86
450	461
359	166
148	215
451	21
343	330
530	565
68	17
130	97
188	338
498	473
509	454
438	159
506	56
63	193
467	47
175	451
220	394
130	88
369	199
224	557
71	112
359	514
246	115
325	342
419	293
467	126
273	378
261	289
327	579
109	203
509	180
456	268
504	553
312	516
269	541
17	462
58	22
191	126
512	352
308	288
357	76
224	79
542	341
481	102
305	208
106	494
512	221
183	373
361	342
238	199
587	594
49	76
20	551
88	270
501	42
356	85
303	260
510	200
446	171
278	74
35	41
136	375
560	301
256	378
5	429
190	452
151	253
501	67
568	86
5	461
282	534
360	543
268	575
250	206
127	15
297	377
331	564
228	97
274	170
264	143
270	50
413	272
14	560
448	55
403	393
466	167
65	247
149	435
538	275
230	181
260	518
550	519
323	596
434	97
65	5
211	71
361	489
96	254
363	136
583	444
409	291
570	393
120	274
22	533
531	467
255	71
402	436
224	304
119	157
230	138
537	229
116	224
265	79
65	395
410	272
485	501
598	544
427	214
203	211
440	169
252	51
90	467
340	228
371	303
133	531
429	584
534	140
231	260
452	215
166	322
575	581
199	144
173	237
320	339
428	534
558	539
121	64
81	482
286	315
532	442
295	219
457	344
573	223
433	393
588	205
305	319
215	315
248	263
435	180
181	339
529	70
77	31
245	340
362	530
348	469
351	347
58	439
591	85
145	201
414	457
30	381
464	127
173	86
165	368
316	579
166	442
549	119
353	41
438	573
247	255
498	13
359	464
2	45
116	556
238	159
105	513
149	83
173	333
461	505
298	517
236	557
87	533
317	255
229	413
494	389
454	147
93	424
473	27
27	320
498	504
289	309
367	557
71	163
438	405
116	193
185	299
455	566
588	343
3	128
77	422
106	330
49	525
16	25
160	249
40	116
207	501
597	262
491	353
494	218
341	140
540	177
569	78
48	122
72	429
373	407
390	82
357	399
54	398
320	230
537	86
295	381
525	224
310	15
66	345
143	130
152	277
515	526
204	130
308	429
145	346
559	223
116	243
157	297
448	284
160	193
319	86
58	536
154	84
48	188
575	121
30	545
338	261
445	332
183	123
247	300
243	10
75	389
226	350
316	146
186	131
324	54
95	333
445	15
288	270
280	208
351	69
551	306
206	423
172	62
181	421
205	49
464	306
271	189
548	23
207	151
186	517
336	330
36	287
22	584
309	81
281	368
141	520
461	273
402	32
598	457
82	460
209	570
365	29
310	474
303	274
266	125
187	529
368	561
59	431
519	118
244	386
111	480
358	408
165	154
497	275
287	73
27	356
257	426
198	376
141	545
95	91
216	471
16	408
337	503
248	363
238	581
272	307
319	475
86	47
243	202
126	236
33	393
372	432
183	333
303	78
542	485
55	86
311	537
319	408
286	15
582	357
540	193
223	139
460	526
200	475
91	107
167	560
506	238
200	174
295	511
300	68
23	324
292	183
481	303
235	61
316	70
145	475
592	102
412	243
146	69
368	478
97	483
423	434
349	20
420	416
175	269
385	93
483	160
97	234
43	557
336	10
453	319
270	271
205	209
506	122
5	379
555	565
184	133
186	278
374	6
571	99
113	409
275	373
519	405
203	219
528	408
34	27
111	207
521	222
46	581
503	521
82	549
109	244
133	53
212	505
442	161
74	499
267	321
460	545
374	57
301	581
214	315
325	5
134	346
349	509
488	109
118	166
588	79
441	127
532	383
225	271
252	529
389	196
175	536
97	148
300	270
460	285
383	121
13	251
540	316
462	270
151	447
435	124
591	476
556	242
393	592
93	411
168	545
46	106
65	282
127	210
533	256
348	120
328	64
126	481
15	144
553	470
574	150
186	288
463	41
369	337
551	330
212	513
578	550
468	137
439	587
208	64
574	60
15	224
381	211
52	372
210	506
26	320
19	247
470	205
569	137
60	528
443	563
18	317
231	76
593	389
291	495
537	57
474	38
476	50
98	295
523	127
481	152
508	130
320	548
13	568
256	242
187	194
393	254
531	364
386	422
289	58
298	427
503	162
45	514
149	202
314	166
407	295
377	52
148	255
370	211
122	404
328	213
367	509
301	95
347	370
167	473
233	387
112	34
540	422
115	499
350	316
458	190
124	375
437	579
101	266
461	126
513	469
342	369
79	227
571	138
462	386
171	8
509	318
161	431
150	234
297	190
196	20
22	129
398	172
529	296
444	289
516	251
350	544
21	352
420	162
102	163
24	0
273	473
152	197
248	408
103	129
522	270
299	462
402	349
81	65
530	440
436	86
61	341
597	96
89	279
461	356
475	198
45	216
541	477
230	486
74	504
461	95
579	584
534	398
410	165
281	90
482	567
106	135
290	152
146	25
87	513
324	46
38	384
378	375
51	387
341	203
91	180
91	193
206	296
146	87
217	125
299	468
416	216
186	278
184	361
290	288
545	572
365	276
539	492
289	9
360	541
438	305
391	494
580	146
113	82
178	327
156	466
569	378
133	520
367	80
58	442
567	297
205	321
517	506
413	422
15	577
71	576
327	468
426	44
110	407
279	433
27	128
87	270
520	480
462	11
109	113
422	65
190	206
319	79
119	500
329	170
329	491
516	160
596	120
503	480
324	123
157	586
544	167
221	439
21	331
424	428
273	429
262	361
499	222
521	584
120	493
307	564
289	76
484	40
192	289
123	408
57	530
229	56
598	305
468	304
418	559
471	128
391	280
591	142
170	290
137	153
340	59
79	576
396	519
402	308
312	467
386	167
203	17
485	408
328	24
174	541
540	78
381	491
178	109
469	500
352	72
26	69
238	361
249	347
431	136
266	466
24	121
592	370
397	91
105	526
75	57
408	530
504	199
272	424
78	306
187	359
503	84
145	489
91	370
260	104
4	212
344	364
2	65
112	299
139	125
283	269
186	328
118	443
440	291
443	164
88	425
183	556
108	528
193	97
118	52
205	258
337	222
505	343
301	6
247	200
280	458
457	427
18	265
395	324
450	392
10	43
140	264
403	357
484	355
254	136
107	569
536	32
344	443
520	94
435	283
17	179
402	278
142	313
438	535
301	90
112	522
482	480
581	305
164	488
585	390
492	499
280	166
385	291
471	110
361	278
392	261
482	2
300	158
463	6
43	432
110	184
8	475
422	296
40	25
405	576
440	103
199	342
534	103
364	512
0	436
104	11
321	368
142	504
362	565
230	180
277	278
467	586
476	186
562	407
376	269
580	249
422	306
12	229
260	432
148	515
337	136
138	145
146	545
520	81
576	232
233	231
143	415
143	540
218	120
394	232
266	231
91	223
573	161
422	299
59	77
414	417
460	430
314	43
134	578
573	313
346	202
276	397
93	37
32	130
117	283
267	296
177	252
287	519
307	555
82	588
506	242
286	61
295	131
421	373
217	264
497	165
396	327
353	64
452	182
72	528
304	207
360	578
322	480
428	139
99	561
354	598
34	83
311	59
309	514
237	413
368	582
48	248
458	308
598	228
512	28
220	483
505	398
53	363
216	254
309	457
80	9
124	579
298	403
559	15
417	135
312	517
447	66
301	93
224	68
230	239
212	164
456	582
51	583
95	295
192	228
280	28
504	423
324	559
540	568
64	261
25	359
233	137
137	127
590	66
427	20
470	443
197	490
215	468
65	595
296	218
30	533
151	312
157	134
252	448
276	540
351	178
576	214
349	327
443	424
533	234
357	335
104	12
358	450
487	67
577	512
31	487
453	236
343	153
69	338
202	168
167	133
440	456
386	174
407	273
264	403
78	242
43	185
378	32
252	152
114	215
422	146
109	307
273	479
540	299
299	168
153	563
577	381
374	381
571	493
171	435
597	50
399	236
273	151
71	561
298	111
413	410
84	68
120	137
559	456
577	547
506	243
102	510
373	185
271	476
238	367
125	43
397	290
250	398
427	397
356	355
405	293
4	297
247	554
227	30
211	332
475	491
544	415
307	29
183	229
253	129
249	415
97	259
589	56
221	362
302	149
508	163
184	212
458	505
163	297
290	238
440	351
222	417
144	321
150	100
428	157
45	128
543	129
516	159
24	310
561	270
548	69
371	589
88	386
548	237
68	300
345	5
122	133
190	264
78	189
34	494
0	277
10	133
452	578
138	261
579	537
597	133
298	417
485	573
120	561
422	369
310	591
269	406
551	106
63	348
390	397
388	144
46	433
298	461
460	317
213	327
169	173
260	539
461	244
31	390
341	78
132	321
493	399
529	454
560	370
28	409
180	383
7	142
371	301
23	83
163	471
579	569
239	173
225	477
143	146
316	469
499	206
82	369
461	375
570	184
499	25
506	372
356	375
495	171
10	244
518	515
365	59
423	336
177	119
409	197
510	144
496	422
477	267
379	133
306	564
522	401
28	50
125	463
58	192
512	364
520	596
323	104
30	101
77	376
306	126
104	145
396	313
431	556
287	402
308	2
480	209
399	325
270	259
33	48
434	94
503	292
176	567
321	313
371	266
2	397
286	549
98	412
479	498
366	540
590	103
513	347
59	35
340	479
22	111
66	290
288	246
87	488
159	258
190	447
86	445
128	370
258	458
122	90
401	230
464	545
542	381
294	508
575	341
598	236
328	489
443	65
592	259
140	500
528	2
332	231
452	67
350	4
394	327
437	23
480	25
210	0
514	82
159	329
592	579
504	104
70	590
537	89
62	522
514	572
448	529
528	534
545	103
269	367
233	569
87	511
486	424
102	125
263	457
399	158
259	394
590	574
15	426
536	527
590	254
278	355
346	140
573	527
161	141
451	390
340	84
596	574
73	382
178	164
104	493
475	503
98	341
444	3
365	97
164	397
556	243
275	254
275	311
73	414
201	18
179	118
78	36
543	153
140	47
185	112
393	51
503	153
178	536
399	411
132	63
480	1
540	302
549	504
599	214
182	527
171	218
1	426
564	453
70	291
74	176
16	182
560	64
575	590
120	160
426	65
369	152
585	221
554	370
217	318
145	44
553	238
500	415
457	55
97	67
67	376
321	141
345	409
494	486
70	188
470	249
9	170
208	104
363	23
595	19
370	188
77	447
526	71
401	351
376	345
354	354
539	132
468	585
490	22
546	546
345	590
393	453
520	202
116	299
466	531
241	222
492	134
80	130
568	87
164	294
457	292
218	278
313	75
79	16
71	73
166	80
380	224
54	123
68	4
153	341
498	163
441	375
371	407
366	24
581	41
107	191
177	115
374	490
19	97
173	38
434	285
22	36
435	295
367	156
56	213
108	57
294	492
143	497
548	27
90	591
575	16
576	438
226	130
129	116
595	283
276	384
225	143
95	570
73	221
458	38
472	505
217	509
435	507
408	184
418	232
353	121
83	122
72	368
426	191
304	510
542	99
287	474
543	107
204	174
348	448
321	29
369	475
579	563
517	499
158	64
481	312
294	27
541	123
248	584
69	388
111	301
144	567
138	583
337	244
514	27
350	490
450	251
86	472
599	536
504	256
287	399
198	296
174	41
336	261
371	58
437	462
281	590
229	250
425	291
305	88
21	303
12	529
207	575
267	284
120	96
479	134
573	406
564	235
12	439
553	101
220	203
512	432
394	395
560	392
56	218
85	40
64	12
90	408
78	594
12	178
91	375
295	425
118	11
167	294
101	529
173	544
537	286
289	327
511	361
398	6
443	321
465	331
31	88
491	299
449	266
118	519
267	449
308	565
500	393
163	509
220	315
557	545
252	360
244	287
332	556
163	206
150	212
183	499
175	405
380	79
30	83
428	470
461	530
522	423
429	229
125	187
150	329
0	532
195	108
14	323
492	319
363	574
597	174
21	92
324	552
81	198
504	447
138	261
356	478
197	42
235	50
304	165
62	478
576	525
305	551
210	536
515	424
9	329
252	27
518	332
513	485
558	134
203	349
37	421
325	57
440	17
548	452
24	31
161	168
131	128
322	300
204	514
351	578
514	346
191	72
31	197
307	312
351	522
186	278
144	269
380	286
208	58
219	104
154	396
226	145
131	306
49	591
313	404
177	272
466	0
298	88
466	435
285	253
367	574
579	312
527	287
452	371
25	249
323	369
377	113
326	551
204	365
236	109
275	99
136	400
293	420
522	415
221	67
172	248
155	590
561	511
126	544
465	170
127	184
466	68
361	73
441	156
292	119
278	241
296	587
189	452
351	499
33	530
67	297
499	421
167	430
576	246
98	491
0	569
469	68
555	164
30	90
78	557
93	315
387	272
388	39
239	482
147	554
36	508
425	401
223	263
511	499
188	161
326	174
21	362
105	138
345	430
525	38
170	302
108	589
87	357
265	556
183	364
342	27
527	194
58	318
507	60
126	239
201	429
494	66
19	562
285	573
90	388
561	209
16	467
245	241
78	436
93	374
300	55
236	420
311	591
266	333
156	574
378	72
283	213
431	54
470	253
270	505
297	597
142	425
28	232
204	131
364	538
539	472
528	399
185	392
358	456
509	546
293	163
501	225
214	69
355	300
396	175
319	370
530	587
416	479
59	137
180	240
117	554
432	271
407	296
1	292
329	184
64	496
11	405
259	478
502	362
321	81
86	116
350	436
481	314
268	578
217	553
162	315
341	312
262	255
366	213
375	266
445	587
6	316
170	81
338	508
567	47
130	104
34	55
597	339
2	398
85	348
393	286
82	71
328	33
3	35
240	52
0	103
92	502
99	441
189	235
212	109
469	393
252	390
396	150
121	236
313	388
584	218
456	67
8	226
514	313
267	368
474	456
448	496
364	212
499	557
512	351
111	455
348	107
442	543
479	596
502	26
546	159
119	160
561	59
592	456
223	155
32	274
280	484
354	424
119	329
99	385
216	385
21	428
80	554
120	422
384	436
239	585
249	228
568	417
185	43
21	107
467	571
160	532
381	222
76	187
363	554
558	420
225	157
74	306
77	225
82	520
515	412
137	565
450	422
22	410
419	144
268	352
330	542
470	275
278	304
112	493
474	595
417	504
38	190
28	516
215	500
213	585
138	342
424	354
441	442
262	286
436	124
281	548
313	31
271	514
486	135
595	242
434	302
150	50
43	330
325	270
339	24
516	36
172	447
192	260
570	291
50	522
568	92
296	26
250	410
541	454
145	551
313	463
406	482
243	101
366	443
394	549
115	552
115	294
563	59
261	456
49	549
104	242
154	84
268	446
450	564
110	179
413	501
69	14
65	96
315	39
536	143
247	107
404	424
175	147
347	478
82	584
338	509
524	330
518	168
491	484
405	264
6	557
155	258
325	421
89	526
19	81
296	160
96	118
418	461
171	270
1	44
205	34
418	310
464	461
289	355
175	472
472	59
535	599
354	253
147	175
137	56
181	378
575	483
376	449
474	131
195	148
33	185
576	377
555	29
306	575
359	251
164	286
421	112
191	582
491	489
588	488
340	0
319	140
316	293
100	128
158	141
316	193
86	513
223	281
362	117
21	366
51	307
328	419
506	563
337	77
197	26
243	388
96	245
453	28
208	264
392	327
44	599
152	360
516	591
312	471
131	162
38	372
49	206
413	458
305	593
426	505
282	595
430	183
544	40
137	213
162	217
64	154
78	53
373	222
321	65
109	413
227	281
0	118
366	553
241	422
439	141
236	590
590	386
23	206
280	31
1	204
364	435
392	549
362	156
455	583
430	553
571	569
196	581
335	423
598	409
462	61
345	316
549	432
326	217
387	292
132	294
392	245
306	524
211	349
506	280
304	342
113	157
406	357
243	115
391	212
20	256
400	491
385	553
392	530
445	422
422	268
216	175
483	419
1	407
462	453
572	243
510	512
582	175
146	135
517	502
460	265
141	35
165	90
69	17
418	240
296	371
27	148
184	33
92	403
68	183
213	489
194	524
532	89
384	444
147	546
460	290
59	105
180	350
87	167
144	527
518	472
291	109
488	272
168	357
105	41
272	42
84	317
594	164
447	212
524	328
492	67
182	340
591	505
446	229
587	63
365	319
440	412
49	80
159	594
140	377
166	384
49	250
46	501
14	345
465	430
21	183
394	396
229	439
381	37
110	132
5	157
378	158
420	193
278	416
525	95
8	489
365	261
114	60
216	381
444	87
200	314
208	533
529	339
447	592
415	488
313	351
225	253
570	7
159	154
247	369
86	420
424	328
4	300
456	69
534	474
175	9
488	70
417	350
68	10
214	346
435	575
178	353
210	387
104	70
396	372
424	446
477	140
544	282
446	328
86	343
188	543
291	131
315	307
538	61
313	407
192	497
269	70
350	120
61	51
410	128
207	347
44	141
527	203
180	259
560	94
256	247
102	79
491	81
79	544
586	312
410	493
192	266
511	520
289	86
518	298
403	593
580	466
592	577
288	541
168	321
428	394
268	321
351	40
445	192
151	567
587	441
68	344
393	305
511	498
254	57
465	306
519	227
320	150
527	389
452	582
320	141
464	175
443	376
124	246
532	556
416	405
497	126
418	221
593	248
432	120
521	595
473	577
73	77
30	299
102	414
303	418
353	461
103	466
596	250
553	579
4	56
412	325
433	281
474	190
355	565
543	13
159	177
68	338
247	432
18	164
488	537
380	62
133	348
214	199
8	450
58	4
105	128
57	597
503	383
462	233
483	172
526	598
380	119
116	337
372	354
449	14
42	416
312	125
569	23
24	433
422	227
402	190
95	241
226	454
358	101
179	232
100	352
299	263
147	321
142	138
12	158
190	373
335	592
135	171
361	305
449	269
520	491
71	492
34	542
44	55
147	485
373	577
412	405
481	203
313	179
269	409
347	497
85	476
156	517
277	564
178	71
285	247
122	44
379	234
566	139
202	186
193	332
216	80
94	496
149	463
361	225
591	107
133	270
99	24
189	355
213	124
382	427
313	2
537	555
195	68
175	293
192	164
172	5
335	87
390	508
450	446
183	326
54	555
590	130
490	356
173	478
501	567
307	324
448	59
400	364
122	182
593	95
386	360
202	222
175	355
288	285
204	598
49	416
223	532
394	16
488	342
368	49
583	322
467	587
422	357
156	228
238	252
160	598
269	283
348	250
564	385
96	312
159	488
16	178
286	284
157	420
593	416
467	138
416	487
411	271
503	541
97	420
361	139
96	501
540	361
297	68
114	563
82	361
496	307
51	167
54	55
115	3
271	198
58	99
363	540
128	81
240	519
298	307
352	254
589	473
523	269
514	146
468	87
586	314
258	553
299	340
317	239
145	472
424	101
280	538
94	348
44	103
308	343
428	356
526	65
27	21
214	508
598	334
48	192
548	290
217	151
463	261
197	369
393	472
367	33
433	241
443	539
101	116
168	400
538	475
169	536
350	125
570	442
71	62
240	499
132	466
545	480
545	71
59	394
432	582
520	166
538	293
511	365
286	493
582	431
528	91
115	255
51	550
570	307
537	460
377	314
446	504
119	178
157	28
259	461
186	183
544	559
439	323
150	335
578	357
148	407
203	98
105	482
492	515
555	514
505	485
254	522
238	495
190	70
16	177
248	102
476	565
530	577
203	597
19	267
431	65
325	381
151	354
327	246
22	360
119	555
418	165
213	64
345	236
26	123
517	425
191	241
536	223
394	111
587	440
84	239
160	388
486	461
543	89
361	421
557	114
68	396
153	512
336	343
521	282
88	355
25	146
404	178
491	86
381	126
74	320
539	446
344	42
225	539
288	417
138	525
574	149
109	287
162	26
524	299
507	582
459	139
128	303
371	45
330	320
406	66
277	568
165	500
509	136
420	498
141	15
207	25
443	396
23	152
400	550
325	400
347	291
7	126
573	131
200	575
63	201
369	311
447	30
565	397
34	449
107	383
459	295
228	101
138	99
53	500
191	202
94	378
430	461
424	465
445	364
574	355
239	468
154	568
405	317
241	318
435	354
568	549
118	93
309	13
549	470
299	319
573	240
325	510
182	73
171	32
131	444
162	532
351	325
598	250
154	24
131	505
276	526
73	161
336	213
78	190
297	498
37	469
291	238
436	382
48	66
563	558
99	97
272	16
73	265
400	184
259	532
360	412
264	113
433	431
360	379
34	315
315	43
199	89
159	422
40	504
257	37
68	25
299	325
12	379
331	243
44	415
500	422
236	346
357	112
13	242
520	434
310	223
30	35
174	96
381	221
372	407
571	285
371	506
252	117
41	239
423	119
463	395
160	584
106	559
406	526
359	495
348	472
550	456
205	81
517	166
480	136
150	375
148	63
275	528
508	53
285	161
523	2
19	559
315	575
80	255
79	280
277	458
593	343
278	241
446	542
481	350
293	57
384	580
502	77
112	253
23	225
482	238
298	64
286	128
226	143
40	286
252	305
275	438
531	293
513	198
251	544
565	357
127	421
23	99
455	598
382	517
377	245
453	73
255	51
516	122
73	228
375	409
281	93
163	336
157	500
20	388
242	107
565	255
19	448
263	222
81	379
162	382
156	412
201	558
352	177
287	177
195	386
464	186
202	257
19	540
548	561
291	493
126	282
165	559
269	229
468	99
570	458
543	66
207	148
372	249
120	502
37	288
221	405
9	455
259	25
6	173
371	56
322	479
82	497
569	538
15	442
177	581
508	495
17	461
492	256
208	486
530	37
554	347
58	160
292	35
353	327
457	128
142	293
21	197
508	332
214	139
304	258
211	296
573	85
277	541
231	299
66	170
260	450
168	512
318	401
70	282
518	129
502	241
11	332
359	211
63	552
191	199
426	392
510	72
96	440
542	420
349	98
270	311
537	202
309	417
159	402
435	424
191	459
587	363
171	105
509	61
127	441
441	274
553	586
486	41
24	573
192	126
194	498
111	147
501	208
492	258
94	545
335	218
424	496
115	379
293	48
19	519
568	122
398	88
10	130
494	192
267	239
503	488
521	309
130	153
548	497
537	497
498	480
589	522
461	564
427	165
418	236
269	14
262	343
284	468
529	277
132	551
140	114
264	550
150	200
500	589
570	552
169	400
61	4
426	70
267	588
222	228
89	483
127	52
573	189
471	139
241	447
378	228
87	107
158	276
582	447
350	347
347	329
231	571
571	385
10	561
388	115
448	269
347	183
588	119
448	159
1	216
103	452
500	10
503	93
181	525
541	206
327	455
483	577
543	575
241	531
81	415
597	365
253	403
183	37
241	306
309	33
496	584
310	392
480	349
386	277
505	374
70	145
594	558
278	475
429	232
130	462
266	228
355	335
434	596
239	146
442	41
511	344
103	295
2	255
344	482
179	46
551	251
62	371
250	363
160	372
334	170
115	494
171	92
160	221
410	442
319	208
154	576
203	328
34	504
345	333
186	443
414	589
594	511
248	146
188	521
349	495
149	88
8	111
542	92
362	161
545	569
108	28
47	284
147	107
238	256
52	205
88	581
79	397
423	39
505	544
300	158
129	352
78	295
524	492
392	134
459	57
83	110
178	426
163	415
108	431
86	123
50	277
278	29
586	554
200	134
372	115
45	350
304	132
494	435
155	443
316	0
129	121
245	301
276	566
187	319
178	248
462	285
508	391
138	166
467	489
11	129
110	85
52	299
262	54
496	599
578	318
176	485
366	500
82	426
94	364
547	159
577	401
587	529
441	49
598	68
470	221
267	380
90	99
542	146
415	403
512	232
477	18
286	393
24	206
495	408
109	351
46	3
557	590
88	419
451	541
39	91
543	234
549	547
237	322
324	200
159	294
338	265
447	548
51	193
305	164
446	340
413	389
505	63
514	116
401	145
54	248
569	504
98	61
403	345
162	460
469	528
115	579
283	48
413	118
27	319
351	81
205	409
217	240
208	592
205	390
330	189
455	502
560	309
428	578
587	139
382	110
268	38
213	439
110	398
490	421
265	369
245	578
383	372
438	54
319	448
24	121
80	379
273	555
567	200
239	4
449	12
445	115
36	14
474	445
591	218
338	13
434	473
94	90
449	561
63	449
66	61
336	311
189	57
313	75
59	260
216	231
119	209
578	305
586	228
55	42
419	6
123	106
483	293
496	29
69	36
49	318
564	514
434	511
296	265
555	594
120	101
323	551
195	118
145	43
138	132
406	209
149	159
518	199
117	544
126	24
449	40
191	377
395	467
216	195
514	31
82	124
210	495
588	97
512	383
287	452
167	155
4	382
577	48
170	18
135	303
92	462
305	337
486	270
393	564
120	359
369	193
371	381
117	94
96	153
179	143
264	354
591	236
414	430
387	198
489	206
60	28
37	164
311	501
409	393
442	481
20	7
408	585
521	536
244	287
345	578
447	402
175	79
260	514
398	485
336	197
455	550
487	76
55	405
537	78
141	270
564	438
65	128
19	515
320	59
164	52
572	320
480	294
33	161
283	67
378	557
459	529
481	448
437	236
325	325
226	33
494	529
369	424
508	294
375	340
157	352
33	443
582	439
226	189
329	114
184	27
292	428
152	269
138	366
10	439
547	137
351	185
111	294
270	466
296	468
79	408
300	316
231	471
257	236
529	340
236	127
70	12
378	86
547	46
279	109
553	449
181	412
298	139
596	432
167	584
416	550
143	419
376	307
473	220
459	483
146	550
157	444
90	3
383	438
449	303
468	49
328	582
175	483
1	371
370	461
384	174
418	248
115	312
582	497
85	518
126	359
448	112
465	173
104	445
246	168
5	133
180	126
489	450
61	201
256	428
469	495
476	320
256	199
392	540
337	386
245	273
496	188
80	310
283	270
388	181
85	377
260	516
347	536
217	186
595	274
449	211
248	587
145	58
184	191
169	451
510	250
301	322
227	487
469	355
320	338
362	543
422	396
32	431
455	187
259	40
5	67
506	60
151	429
521	553
421	435
194	504
297	533
507	452
317	107
314	156
219	495
85	71
567	357
367	211
569	235
525	562
415	407
198	218
71	106
152	576
2	479
0	304
213	463
473	83
184	292
46	509
585	464
90	209
483	481
580	436
295	443
585	507
21	531
538	410
324	116
364	498
69	527
326	318
302	531
388	211
322	383
362	337
229	32
485	410
310	308
12	557
53	25
540	311
363	570
368	240
473	87
119	341
225	297
48	407
257	79
456	176
566	71
420	189
364	132
170	220
316	216
274	307
414	591
426	362
94	577
126	199
315	361
159	333
106	238
426	95
233	501
513	286
312	73
431	485
90	585
5	237
216	364
314	466
295	411
191	281
160	394
55	212
509	277
485	284
388	484
113	594
499	563
99	10
419	392
488	436
522	473
25	376
376	233
128	429
339	351
326	238
430	20
128	27
76	119
280	47
235	358
584	419
579	187
9	286
317	288
553	343
320	377
299	73
551	301
161	353
543	592
292	351
324	0
380	39
35	154
555	75
18	537
283	271
516	490
208	392
369	166
488	529
394	533
159	356
289	588
543	450
550	170
125	247
95	237
407	77
415	316
505	595
23	144
430	449
147	292
564	539
315	94
80	304
65	457
201	269
266	208
97	595
21	241
269	122
361	164
165	312
52	239
79	19
101	447
142	230
323	541
408	163
223	490
414	301
411	1
508	305
478	391
112	113
16	185
535	356
391	275
595	278
205	360
361	559
376	19
486	474
121	393
154	356
488	568
93	15
260	504
117	163
465	549
330	248
170	406
521	322
350	597
372	216
166	371
114	139
316	424
123	312
280	211
284	187
236	324
561	336
127	100
584	270
239	317
170	275
175	500
365	262
216	199
60	581
388	532
488	435
118	408
439	45
436	33
275	306
494	385
214	501
281	551
201	96
412	547
60	47
548	102
175	358
547	292
343	79
251	95
541	404
328	49
184	581
435	334
411	55
410	363
465	402
21	95
12	53
356	68
285	271
565	114
565	252
505	377
82	451
350	72
166	329
351	247
522	188
127	477
199	53
564	151
597	234
336	174
124	255
468	188
359	145
13	42
234	318
360	321
264	197
25	75
143	486
239	45
351	221
316	460
573	520
416	344
230	74
53	161
190	267
582	293
193	390
184	484
105	304
426	448
542	208
361	100
587	247
412	439
397	76
367	229
287	556
346	147
464	533
89	388
110	6
71	13
364	325
427	66
87	44
69	51
294	313
562	86
239	512
114	586
207	127
331	461
370	205
375	339
136	200
136	507
208	427
195	440
446	472
330	529
271	311
100	93
78	51
71	15
120	229
502	457
73	64
133	104
553	40
81	252
417	511
237	58
143	366
398	160
538	588
72	229
95	38
578	475
177	459
69	217
455	299
362	345
560	531
352	282
10	120
109	243
551	142
268	573
337	75
149	100
284	13
98	58
265	68
109	120
404	29
279	201
259	364
419	109
63	230
89	519
415	256
111	467
55	248
42	224
80	310
226	229
136	318
283	460
578	532
408	208
273	324
330	484
479	526
22	385
114	131
132	19
389	150
35	129
452	466
379	479
560	147
450	473
259	331
240	103
502	413
198	56
78	582
441	508
54	348
261	370
69	190
572	58
536	334
542	0
106	215
290	333
375	367
562	540
400	554
380	334
265	320
277	483
183	412
473	550
389	450
429	379
205	317
6	199
563	586
162	324
13	260
387	48
503	21
292	201
468	157
332	271
406	98
512	469
510	389
477	414
39	276
491	424
29	370
581	320
283	215
468	362
122	469
355	490
470	552
582	236
41	233
492	500
115	584
171	267
553	531
314	184
154	599
225	526
57	385
453	31
405	298
241	37
364	501
430	536
221	206
346	394
413	161
327	315
546	548
466	529
547	482
4	439
440	317
453	577
462	328
60	506
67	190
563	394
183	209
175	119
539	539
286	102
556	226
89	374
535	412
537	50
433	384
365	329
30	164
145	596
431	104
555	11
585	591
535	404
248	549
435	169
267	177
484	396
416	520
375	242
64	355
204	498
253	327
460	193
24	87
171	107
544	168
56	311
413	97
538	527
322	436
493	387
368	165
314	305
295	175
556	195
335	413
543	526
141	180
203	554
130	514
462	570
357	434
439	242
321	144
166	40
89	179
522	97
255	572
35	97
140	538
509	365
418	567
206	177
581	306
318	201
231	49
589	462
331	35
420	24
114	480
185	386
249	438
61	439
508	529
122	286
243	133
342	348
570	35
341	495
63	198
99	299
253	217
238	507
573	375
265	325
532	446
141	170
343	312
11	216
347	520
125	102
33	414
106	596
398	559
416	517
265	172
179	282
358	116
292	396
559	41
301	245
306	28
184	475
550	478
447	490
439	325
375	317
25	439
142	137
153	365
347	446
134	231
308	283
479	32
242	469
14	262
138	355
354	168
573	249
194	172
46	47
341	100
331	382
279	548
573	359
542	395
170	87
227	260
122	242
451	64
326	323
597	353
308	461
574	293
463	449
144	301
228	597
401	258
447	77
400	179
548	137
394	76
81	563
362	215
480	43
120	200
395	1
480	135
320	221
123	7
596	166
363	278
524	126
239	593
534	367
158	342
542	317
25	165
252	318
537	363
259	42
480	564
85	387
259	532
497	537
348	59
271	589
551	547
10	328
266	511
188	327
191	481
40	445
478	304
480	181
491	549
278	466
432	312
144	390
163	172
373	139
215	299
251	241
488	239
243	557
256	335
37	66
31	218
285	206
151	283
455	140
445	376
166	257
339	33
464	341
195	394
445	168
510	237
374	39
571	439
195	394
267	181
557	67
368	19
114	100
382	208
406	341
138	10
598	138
455	25
80	117
575	11
143	581
110	180
579	2
107	367
365	283
112	165
160	342
376	392
290	387
160	301
441	302
174	589
67	264
6	118
270	289
420	538
207	52
139	212
102	6
84	410
93	596
330	467
305	536
442	63
450	415
473	333
133	43
141	29
128	160
149	59
509	437
5	420
176	170
305	73
131	264
514	101
577	160
567	476
326	252
539	386
533	412
212	276
52	383
172	207
234	535
176	492
97	246
30	469
383	354
299	407
318	27
202	419
498	349
33	43
83	335
470	309
16	270
198	143
428	590
22	199
93	79
547	333
526	16
19	113
127	90
38	178
331	75
271	338
183	358
237	379
130	252
199	261
143	441
204	248
31	37
271	121
52	397
25	107
168	501
465	251
437	13
326	503
286	285
190	67
121	238
159	506
56	159
234	222
109	216
575	501
275	471
3	576
323	21
527	336
364	123
403	455
156	566
47	385
323	421
281	333
551	107
514	580
1	205
339	252
94	233
30	257
106	337
231	49
31	403
137	354
124	150
141	67
241	179
69	236
470	309
46	170
410	567
284	587
281	1
15	226
231	598
587	288
170	61
446	191
540	146
83	500
541	401
227	337
511	86
363	236
251	243
424	311
65	15
239	420
596	264
553	189
444	349
484	430
245	338
317	240
61	160
480	210
499	32
42	333
371	588
158	437
278	19
148	504
446	399
408	468
550	501
94	369
464	80
307	151
17	450
198	445
95	8
126	528
146	384
61	141
488	354
386	507
379	432
12	240
101	507
506	22
44	564
80	297
512	156
28	368
8	289
255	181
45	277
119	459
535	100
224	195
227	394
579	555
478	334
511	107
379	71
307	262
440	218
413	202
311	45
261	355
264	307
299	298
524	285
384	101
404	137
528	388
304	497
108	207
203	450
454	463
259	399
469	216
247	314
25	95
322	367
488	174
436	381
159	577
271	122
412	68
78	170
432	459
450	291
58	221
582	263
150	502
170	15
453	24
430	121
486	205
500	198
138	444
407	435
357	373
171	417
65	235
378	403
180	93
125	292
113	232
540	410
172	197
460	275
207	98
319	522
434	424
74	62
87	57
407	287
443	291
283	46
41	382
74	465
585	509
366	591
317	548
423	374
371	167
492	198
31	283
327	473
392	356
455	282
483	121
263	416
237	583
164	309
297	209
571	167
585	465
465	442
538	334
516	279
448	593
55	182
512	245
203	467
45	412
560	392
513	480
427	31
277	445
65	210
597	184
378	249
162	35
89	319
27	224
111	306
558	87
440	365
535	142
565	556
467	420
168	19
455	499
591	26
145	456
207	41
208	343
401	580
424	111
538	580
373	448
437	226
369	269
139	576
576	441
427	190
216	234
244	502
239	597
399	589
428	372
393	230
23	251
238	244
461	147
578	51
188	272
56	84
229	350
61	252
263	283
199	319
511	88
144	438
117	185
486	123
555	287
492	444
287	407
27	92
503	545
178	73
60	94
542	147
446	174
402	259
559	358
463	595
221	59
574	391
599	517
130	552
336	163
204	393
185	143
70	480
17	93
17	155
520	429
81	35
513	363
501	458
486	391
469	389
461	558
157	294
71	517
294	24
417	236
460	199
252	127
194	204
432	468
128	299
181	130
447	185
81	359
203	325
302	171
247	569
195	518
31	261
450	379
390	400
290	536
200	468
235	491
274	141
430	106
550	286
503	543
570	336
275	38
496	87
76	581
392	292
123	543
513	32
212	372
166	380
301	313
181	122
273	503
36	431
1	11
428	224
10	417
88	149
114	318
398	542
411	113
515	97
98	588
150	157
65	285
482	335
408	300
359	38
195	504
83	5
61	26
137	60
498	349
563	507
513	329
292	589
33	547
286	124
419	370
26	471
389	425
47	269
390	388
209	292
69	256
554	171
588	132
471	56
434	310
433	391
111	379
148	23
552	455
52	18
402	181
514	138
515	188
39	275
164	462
568	408
570	389
191	590
380	132
66	279
63	512
29	332
461	138
578	570
501	274
233	575
291	64
274	489
536	242
311	388
236	109
319	174
264	522
341	49
216	40
127	500
237	487
194	302
145	472
507	64
107	350
88	166
67	352
301	50
48	319
307	268
580	103
187	250
145	275
296	184
93	153
522	421
352	175
534	273
566	281
515	22
72	153
343	251
29	129
480	391
518	247
519	392
495	542
239	200
546	461
324	304
429	558
374	84
235	325
316	219
305	91
525	361
598	222
345	434
157	174
582	405
392	191
368	315
18	518
584	371
358	58
348	164
566	353
183	190
204	268
535	173
108	263
293	155
466	313
34	432
48	156
452	417
376	554
544	498
0	301
329	433
555	80
270	321
123	583
42	135
45	551
365	445
389	244
240	161
416	142
46	9
337	55
110	45
203	403
356	352
421	524
255	412
243	258
5	154
521	323
123	539
59	92
33	294
7	180
154	447
220	273
417	319
188	74
342	430
589	200
32	450
357	474
269	218
267	76
565	27
259	66
469	382
137	86
551	85
263	284
518	408
417	455
527	305
574	90
443	391
97	165
153	251
357	9
288	477
127	530
266	209
85	352
413	444
485	394
131	237
472	464
305	498
37	147
500	264
17	235
303	406
164	12
65	447
120	374
164	370
459	176
232	408
451	1
374	569
481	530
481	131
406	339
326	24
530	408
140	170
43	416
150	126
578	578
526	227
346	69
468	445
34	306
307	2
314	184
309	440
58	332
461	514
565	298
570	365
148	260
315	403
560	438
133	547
367	108
2	290
343	89
420	106
513	461
584	381
117	425
333	15
331	74
403	422
354	512
528	415
225	114
533	245
170	481
464	280
87	189
339	208
236	591
297	45
564	276
329	149
224	66
435	528
522	122
535	540
152	107
381	288
299	239
478	543
471	196
394	35
477	537
451	274
236	258
215	298
303	418
523	325
392	341
378	257
481	71
245	223
379	140
348	93
599	413
571	450
210	420
359	430
263	492
88	132
236	359
41	36
229	446
466	345
127	223
183	348
293	134
529	427
71	186
506	42
73	250
94	28
592	332
597	430
558	410
148	368
390	250
548	537
388	153
18	246
91	339
405	150
538	9
79	341
537	271
386	3
117	41
244	113
299	49
237	511
153	208
277	229
328	215
475	348
46	208
424	23
40	198
385	339
436	349
411	209
516	16
217	148
255	366
401	516
49	359
181	301
475	512
550	436
405	409
194	312
512	216
526	561
416	580
495	215
46	263
185	33
188	592
459	361
570	181
274	329
421	482
73	396
519	264
266	91
34	333
439	546
549	219
505	79
257	344
122	398
454	450
262	4
430	68
331	550
539	578
249	92
428	525
380	592
42	563
487	477
105	262
219	590
123	527
446	509
278	519
334	316
494	146
492	355
365	184
37	511
102	9
235	523
241	581
171	21
408	541
488	191
88	209
469	97
172	591
159	392
268	325
128	221
34	339
112	60
157	200
118	487
406	335
309	391
64	397
282	279
477	450
337	284
523	490
414	333
149	343
313	347
438	245
276	253
296	585
462	187
466	583
466	100
481	406
137	278
581	98
195	153
580	439
165	521
84	564
133	351
418	547
409	570
312	452
237	327
562	257
51	106
377	473
460	560
465	36
277	531
477	384
357	361
562	358
594	105
345	4
388	546
550	248
481	290
102	133
584	489
189	93
409	256
101	540
321	392
51	588
27	275
435	571
450	585
571	389
203	280
469	358
431	140
567	392
255	463
76	158
288	325
501	531
381	558
210	186
476	129
498	291
473	1
531	62
254	502
571	543
220	579
181	206
315	312
407	249
445	484
431	457
161	480
294	22
212	290
13	176
554	325
540	299
441	241
26	517
526	125
182	448
585	254
323	111
500	33
339	390
481	517
123	290
313	214
267	458
456	456
345	313
174	193
283	481
313	536
314	302
102	384
263	372
294	267
69	269
117	477
302	187
486	158
74	222
73	35
466	315
351	323
290	114
485	457
476	154
35	522
434	115
369	572
419	391
479	560
279	542
146	110
358	404
47	564
50	585
568	235
293	446
107	543
260	103
90	472
459	209
477	217
563	577
523	325
86	326
136	65
531	236
32	209
293	14
426	99
190	455
504	154
248	221
450	104
516	99
162	132
124	58
266	348
90	275
441	470
508	219
117	561
511	379
579	587
296	155
546	214
58	419
381	484
177	550
454	115
229	115
160	312
26	185
502	532
12	374
271	413
384	572
474	268
254	33
14	454
251	521
354	153
410	498
148	469
42	388
93	548
411	563
377	119
578	386
380	287
21	190
464	277
312	284
83	238
549	160
558	119
217	587
288	561
35	56
576	584
217	499
218	94
267	166
96	383
184	578
442	336
503	566
161	249
438	431
53	341
6	420
86	514
120	301
199	33
192	584
94	363
240	295
480	213
408	569
10	442
168	19
539	484
472	83
565	527
271	273
554	570
583	171
507	450
490	347
387	389
238	543
490	392
547	268
341	294
54	560
275	517
310	203
379	446
347	449
281	505
494	335
175	523
211	351
552	381
436	145
232	354
496	8
455	333
64	215
124	316
105	302
214	93
181	141
478	139
476	483
232	229
89	507
264	243
151	20
42	198
58	332
153	523
513	312
113	484
529	506
441	211
70	456
95	284
274	237
247	382
520	238
255	237
570	203
226	575
30	135
92	208
47	326
260	301
368	475
549	178
523	83
135	296
80	529
380	295
593	111
92	267
346	102
97	110
6	498
479	90
572	108
499	65
376	485
564	555
598	508
143	531
426	453
540	31
531	415
182	241
134	375
184	175
254	190
475	420
176	92
300	88
405	431
594	347
17	332
557	249
145	41
474	251
386	476
139	106
123	284
555	336
220	242
495	357
232	227
360	131
158	317
182	190
206	171
590	51
262	71
187	204
468	67
139	174
118	588
200	527
53	52
279	151
184	491
221	290
341	64
389	342
338	193
191	328
178	429
459	294
219	458
442	560
11	233
469	255
507	210
135	546
4	532
381	554
110	325
510	561
128	379
246	155
265	141
572	176
317	473
515	358
3	506
310	239
355	21
13	116
293	560
140	54
373	56
322	196
266	190
63	254
309	222
510	261
183	147
458	165
155	122
373	416
307	481
419	215
271	484
342	528
520	492
43	79
554	340
585	346
584	1
58	510
401	581
553	599
432	385
227	256
401	133
483	47
127	589
406	452
387	345
453	174
447	129
424	226
569	19
103	569
451	467
548	164
103	165
276	367
151	378
325	431
498	261
42	513
547	473
585	489
540	313
277	516
296	443
335	42
341	570
439	387
496	462
529	197
483	586
43	567
97	226
371	101
131	583
549	593
499	73
329	506
469	240
531	92
45	310
212	164
515	68
86	117
275	432
461	484
329	560
281	20
354	30
128	383
62	247
120	26
210	41
250	220
442	81
330	483
411	327
307	435
181	510
136	107
352	276
340	413
326	522
459	122
566	64
66	440
153	81
513	410
501	118
201	138
591	57
415	269
541	440
32	267
138	284
272	161
490	30
467	165
269	397
372	246
361	318
91	389
519	24
385	411
64	522
520	297
217	308
150	558
577	247
584	113
51	410
466	579
542	290
492	247
154	44
481	9
390	362
257	177
13	481
38	171
566	83
196	76
2	101
250	210
81	303
549	88
125	459
403	109
528	300
236	392
242	492
293	530
274	450
447	264
165	583
188	84
61	51
137	559
353	345
15	461
386	100
364	244
253	572
119	482
84	416
232	59
504	113
141	292
57	193
89	247
573	479
566	371
527	456
540	119
487	188
434	315
328	162
105	210
270	328
457	248
182	475
122	165
496	479
12	51
551	203
242	521
17	285
545	220
97	30
535	7
10	25
527	239
566	245
313	22
165	572
437	10
537	407
0	496
206	561
183	354
511	245
520	275
315	308
209	467
119	423
520	236
349	109
81	47
450	417
22	363
413	108
8	291
282	258
548	115
47	116
41	151
150	113
222	344
505	441
529	412
316	512
265	272
36	204
365	109
446	539
165	109
386	475
494	8
509	231
372	39
494	347
263	508
216	301
16	348
230	160
245	363
574	574
416	162
84	529
182	319
175	470
371	25
136	406
122	85
110	98
218	522
543	123
285	383
25	28
74	564
31	260
66	507
415	108
119	564
160	529
456	375
88	478
202	122
395	473
369	311
209	504
564	504
510	208
534	578
597	66
200	395
398	50
587	178
372	486
484	74
532	415
521	426
239	183
336	4
200	287
222	592
257	499
172	404
232	109
38	418
103	75
326	446
193	206
565	538
96	336
177	8
28	473
10	140
438	597
127	140
138	229
350	396
467	497
512	354
288	127
162	523
524	171
0	152
12	364
100	361
281	118
204	116
365	160
226	153
530	188
517	221
366	47
260	361
251	5
123	255
195	426
158	465
448	487
474	549
73	263
299	377
65	260
264	263
386	315
259	341
271	105
572	332
151	144
293	258
516	155
504	30
491	466
149	504
239	177
344	242
310	507
287	223
277	215
48	543
375	348
465	236
504	175
74	468
337	405
372	43
44	47
389	508
390	130
587	395
12	343
350	43
126	118
83	47
361	9
66	47
377	200
169	9
467	401
289	73
72	378
486	223
189	13
21	340
415	350
222	480
461	148
72	482
46	418
347	381
1	72
305	228
539	435
558	90
258	149
487	312
472	266
511	588
564	353
459	458
315	500
303	442
580	532
226	29
96	563
493	405
264	343
17	17
409	96
509	161
186	175
87	356
398	178
90	12
229	144
5	59
453	390
565	596
277	339
456	536
186	486
130	227
363	370
310	578
319	300
2	4
167	25
148	530
405	78
131	28
331	517
46	538
377	136
313	355
46	598
207	438
439	47
585	275
366	598
35	124
66	434
128	29
116	360
156	189
114	289
327	576
300	108
474	43
267	184
402	564
593	591
49	339
156	162
59	480
477	165
54	266
213	55
115	593
582	41
34	538
567	16
442	157
530	129
469	75
368	248
529	321
324	140
259	484
308	594
63	344
539	21
586	425
260	487
8	301
129	263
562	564
378	303
103	124
178	264
211	14
586	156
501	263
185	88
58	84
419	180
375	133
181	41
443	524
179	262
179	59
201	382
63	351
342	521
378	580
599	525
200	238
376	273
336	290
508	287
280	327
389	540
535	45
239	53
45	0
367	175
367	104
346	82
7	40
576	187
113	400
543	349
512	234
251	155
318	502
171	485
530	322
383	245
428	90
45	477
420	543
307	566
561	271
527	575
317	138
267	56
373	324
588	442
559	419
177	102
148	223
56	262
549	304
180	172
513	361
107	373
236	48
348	481
20	422
22	354
453	441
275	566
580	171
539	570
337	375
85	445
493	192
456	135
115	14
272	444
291	430
180	337
9	548
268	450
229	464
72	421
507	202
4	127
242	315
560	192
130	506
219	461
46	95
71	91
378	423
295	539
382	181
230	222
167	26
65	286
31	368
132	270
347	360
459	327
211	238
334	400
542	174
264	586
563	494
465	245
156	408
446	346
541	522
562	399
59	227
511	480
55	324
197	88
313	216
267	147
401	258
331	391
345	90
94	511
311	419
17	235
375	308
416	224
324	89
575	455
191	421
424	493
336	318
38	479
473	325
16	471
139	553
17	447
159	311
412	209
223	552
556	128
573	575
98	95
89	309
64	68
56	467
298	441
151	171
476	447
399	228
574	551
115	240
293	206
325	211
195	315
86	170
70	529
132	526
574	124
173	484
136	306
178	18
216	295
215	552
451	236
255	392
578	590
557	291
34	79
141	450
497	515
280	574
147	432
598	308
202	570
174	208
404	139
57	21
6	60
493	279
375	451
358	565
295	25
582	38
334	565
524	447
361	58
531	134
407	587
313	206
369	191
16	463
224	4
338	585
537	380
309	117
355	382
534	24
249	555
145	445
347	111
127	438
7	423
288	287
45	365
128	527
592	524
142	459
312	530
167	65
4	210
338	414
580	251
4	372
181	593
179	444
134	574
400	124
512	540
270	12
338	465
455	587
41	392
53	393
503	368
373	425
259	115
240	54
318	213
188	310
70	7
72	390
155	215
4	428
510	294
206	43
42	501
425	351
370	61
552	101
146	178
97	582
474	459
468	40
157	384
2	337
584	584
203	97
206	7
0	530
71	416
311	191
465	197
92	374
151	384
388	579
349	548
229	91
62	85
274	322
333	33
395	377
255	177
496	135
122	272
454	595
559	407
531	508
578	187
499	541
66	596
372	103
84	82
167	157
410	54
493	294
105	226
377	347
64	30
493	590
68	288
36	18
16	263
518	117
146	373
482	143
529	190
69	517
459	89
313	455
586	338
66	554
486	353
577	530
54	347
443	312
232	210
444	236
184	60
325	375
509	165
93	40
383	506
579	113
13	435
193	333
115	596
356	592
192	105
216	307
381	267
408	18
66	66
404	28
139	57
115	551
119	553
48	229
593	91
489	279
495	558
329	92
248	513
184	509
555	421
128	537
306	546
88	320
37	85
534	63
115	563
317	543
540	404
270	337
161	22
363	354
397	141
167	223
581	284
169	142
226	467
311	552
232	550
462	166
567	525
536	263
358	205
479	364
495	482
333	369
453	447
110	192
107	476
69	587
206	355
540	301
474	391
39	293
411	593
599	168
330	240
52	275
447	172
12	202
277	152
296	136
313	553
166	563
52	367
457	195
208	288
492	479
271	283
534	51
415	439
430	130
394	265
288	548
458	300
456	413
162	160
219	594
415	497
590	248
453	19
470	139
350	263
430	424
421	229
454	583
281	358
0	56
277	364
327	385
244	304
360	233
434	488
195	596
509	547
250	156
474	394
223	464
500	301
189	347
400	583
149	348
84	584
65	326
573	357
428	379
192	77
0	18
400	242
106	513
318	58
128	417
103	322
482	493
303	246
350	254
11	303
469	175
28	33
36	343
16	320
237	400
378	143
451	467
97	108
285	574
231	451
313	28
192	182
90	199
26	542
340	316
67	368
164	170
454	479
565	97
16	145
533	395
575	41
358	58
505	241
504	70
346	466
467	512
440	170
3	121
177	272
412	16
540	78
557	396
333	124
513	398
257	85
368	537
553	240
252	569
20	142
591	134
141	34
138	171
324	554
385	135
576	233
370	272
10	350
572	70
69	236
27	35
249	15
314	61
462	304
370	126
486	237
334	408
195	72
217	152
16	210
415	518
452	164
225	590
473	114
596	358
74	189
593	500
362	155
286	428
26	380
371	515
66	564
594	475
313	232
125	179
312	191
139	409
352	126
581	223
76	376
579	496
529	257
140	573
433	181
338	473
135	433
44	245
357	309
557	504
122	229
578	183
95	27
248	373
112	131
483	503
504	443
324	471
453	108
546	202
314	249
473	0
451	563
32	448
563	246
156	214
266	540
426	490
91	124
98	205
505	463
159	370
57	79
163	255
298	523
7	423
257	283
223	102
97	413
380	104
16	130
36	398
573	361
140	518
342	525
197	486
590	317
588	532
74	448
436	213
212	346
182	368
25	352
416	166
326	452
508	241
528	333
511	78
120	87
346	280
548	122
197	146
91	313
231	177
449	202
82	372
192	61
308	393
280	442
336	77
221	420
211	351
14	412
442	113
414	67
584	500
419	535
198	408
332	577
555	453
144	457
107	544
81	103
324	261
536	335
179	278
162	224
269	413
455	577
106	276
419	104
299	270
581	49
452	33
390	519
597	211
44	10
154	262
364	501
11	514
101	426
413	309
585	509
7	97
95	378
209	354
331	267
103	490
512	162
531	332
20	248
152	465
153	248
35	450
363	546
212	546
37	575
19	335
558	86
45	382
306	530
421	256
251	64
335	540
22	376
104	2
386	103
465	401
34	238
394	422
276	500
356	515
42	491
487	295
446	217
98	479
251	93
392	153
534	187
79	528
555	174
269	121
412	433
491	129
308	171
171	265
570	76
358	159
9	160
262	418
540	167
338	297
319	359
584	553
41	183
532	226
365	224
87	236
455	298
403	3
268	432
522	84
2	497
231	435
270	124
172	75
285	119
490	457
242	92
352	141
94	577
530	437
374	226
146	464
334	165
484	460
315	226
436	405
271	53
18	187
53	514
565	526
563	147
478	217
440	416
363	432
507	132
588	599
179	384
450	112
277	367
3	520
424	22
267	224
373	61
292	571
465	549
478	296
124	552
321	590
412	352
295	582
155	213
567	506
40	519
548	425
97	172
372	539
206	310
388	359
304	132
473	359
560	388
217	580
180	170
344	172
44	575
358	444
275	24
286	284
457	154
394	214
53	359
154	201
256	184
451	480
356	503
212	259
572	152
267	103
389	412
6	255
146	593
486	102
557	457
302	175
433	300
41	387
117	389
441	486
523	271
260	551
558	506
233	202
226	118
361	436
61	10
152	258
187	570
122	455
159	331
418	24
237	115
374	477
326	418
30	342
234	543
476	215
281	65
469	458
181	155
85	232
295	538
553	355
450	558
158	99
221	267
39	235
281	547
99	463
458	17
181	437
43	580
101	204
58	519
484	157
387	433
381	61
440	310
102	389
117	217
574	78
249	108
224	268
153	558
62	62
335	47
1	598
560	563
324	587
340	97
481	145
22	470
451	370
290	291
346	259
190	312
389	261
545	339
162	103
289	97
249	325
225	568
135	447
479	62
382	375
459	338
321	56
59	181
444	328
59	12
130	451
194	181
393	420
64	340
537	359
316	233
418	80
66	103
178	314
393	211
477	285
283	279
463	335
501	10
461	422
270	262
386	47
357	590
53	342
363	594
296	130
103	497
219	84
320	321
423	100
317	133
470	400
416	492
319	266
450	426
569	13
192	421
357	380
522	6
309	343
572	578
443	3
582	37
234	396
366	82
105	217
286	536
182	141
399	324
479	589
84	95
355	51
292	373
191	350
455	561
421	356
321	496
463	109
573	217
273	341
81	117
21	429
15	120
159	294
459	12
144	452
280	135
89	11
166	521
429	457
550	572
121	536
470	271
216	573
127	105
78	314
227	183
590	116
37	554
255	378
497	416
393	419
154	453
397	266
410	565
571	289
12	113
373	175
309	460
529	64
433	273
428	551
106	35
257	346
500	64
320	482
180	203
100	126
14	309
437	411
253	255
68	498
277	294
517	598
316	523
94	408
431	566
110	273
82	182
9	67
495	296
120	252
536	194
581	168
463	51
308	491
226	321
445	344
292	334
437	504
310	487
580	562
45	362
154	347
557	4
315	147
492	517
450	524
281	457
153	191
2	403
302	45
165	119
33	470
422	549
561	242
440	197
183	594
375	259
107	394
497	513
514	501
597	275
329	421
451	11
259	381
427	409
574	469
34	479
492	50
23	575
78	599
156	465
442	356
448	60
29	377
521	464
515	311
231	326
99	155
339	189
216	32
238	210
274	376
30	171
484	318
315	64
390	299
160	6
466	436
245	65
595	260
458	214
418	219
85	362
339	419
260	51
524	378
439	425
13	369
260	279
50	56
430	60
294	371
455	321
442	53
426	535
59	96
478	86
82	135
277	540
52	304
35	296
298	160
289	370
131	76
512	41
181	194
387	456
426	291
110	134
383	213
75	496
160	432
331	381
119	293
433	71
500	294
98	1
558	486
401	497
504	358
31	3
335	489
103	319
199	477
576	544
188	79
147	170
206	337
500	279
142	202
54	134
374	498
231	297
253	392
11	434
512	395
300	521
564	273
382	300
551	167
577	404
158	526
408	152
1	254
574	104
419	578
432	503
406	455
461	358
187	442
307	529
423	326
427	49
521	438
148	573
39	397
389	213
113	239
492	301
541	180
388	579
393	97
35	237
64	162
185	282
115	376
508	235
65	403
417	405
185	396
581	494
340	354
257	377
160	431
212	440
6	453
74	85
221	339
82	77
456	294
518	161
66	598
147	386
546	150
232	193
25	199
572	393
392	2
336	594
31	96
411	314
80	88
236	17
58	347
458	177
186	48
104	520
19	423
36	484
366	492
270	538
61	59
78	443
209	210
526	188
355	351
183	400
447	6
79	140
565	399
23	183
89	155
219	483
563	249
67	260
473	529
519	332
472	475
23	409
169	357
591	444
407	400
450	199
183	262
462	450
25	106
525	185
35	395
372	382
5	230
20	14
279	592
445	595
470	445
482	214
133	151
208	78
488	495
169	402
172	73
317	414
563	239
488	485
420	69
342	188
14	364
554	311
548	381
14	538
596	251
589	198
186	165
356	246
34	455
423	92
355	493
433	197
590	180
211	22
550	308
437	482
121	485
34	257
348	196
581	54
590	475
130	389
411	539
480	103
560	446
106	595
70	85
348	43
199	259
307	168
30	412
221	235
339	142
264	154
300	146
463	507
87	327
118	167
435	244
302	414
327	271
300	443
514	494
324	547
170	433
380	96
360	226
363	508
400	395
8	509
294	51
86	92
580	68
501	89
56	20
60	86
290	53
18	134
547	59
165	242
393	210
345	48
0	570
266	281
363	416
381	373
599	218
472	598
168	598
442	109
436	535
381	364
430	494
520	273
574	385
73	68
355	242
512	574
410	279
246	62
288	385
468	17
267	411
288	292
519	569
403	257
141	594
438	356
414	580
426	249
61	355
558	252
578	333
427	397
26	301
572	590
468	178
425	242
23	563
139	11
207	129
122	168
534	25
545	258
383	396
403	385
589	389
311	335
66	63
399	321
189	32
431	46
394	150
576	149
325	253
172	111
25	386
20	262
467	382
141	73
420	42
265	541
179	460
401	249
384	316
440	582
453	485
259	73
232	467
285	503
435	533
431	588
28	7
92	23
375	568
139	421
2	74
278	33
513	195
87	381
576	327
409	384
183	272
108	188
151	123
595	386
19	344
112	253
178	286
320	95
176	312
384	292
476	576
182	145
581	87
189	112
149	150
504	172
391	428
111	323
253	164
399	212
66	505
332	174
543	385
186	115
73	276
33	88
423	368
479	18
561	587
231	30
332	475
543	460
274	317
7	297
230	448
389	416
133	149
582	277
496	62
431	358
46	168
369	70
86	142
75	134
139	219
98	10
520	220
35	486
570	159
184	19
173	404
265	506
86	23
354	452
448	15
403	220
515	382
253	281
54	581
447	75
45	20
408	129
14	427
415	53
69	431
463	565
175	532
438	463
51	164
309	88
196	257
17	433
484	197
456	486
299	523
407	412
453	289
248	47
137	533
489	581
13	321
327	546
367	52
346	65
399	111
353	308
216	64
111	497
357	390
133	329
456	378
447	589
69	31
587	519
430	494
459	370
224	24
44	103
106	144
551	142
373	444
413	117
495	0
79	240
538	583
531	597
281	408
378	242
403	249
487	174
464	530
10	385
536	152
258	224
99	84
402	545
283	432
466	55
21	373
238	74
399	28
115	79
499	223
198	328
282	187
191	375
196	173
570	548
99	310
438	8
223	380
246	126
108	78
134	589
432	355
167	244
376	336
507	19
306	212
61	17
565	570
479	304
501	147
591	497
539	589
267	244
33	539
377	25
83	42
155	28
521	94
144	593
153	407
486	540
481	307
563	107
298	529
531	410
304	135
284	75
454	209
245	584
222	447
253	470
206	169
192	184
406	386
147	173
510	182
377	103
405	280
46	265
28	397
264	500
136	191
350	102
31	175
265	279
562	178
247	417
304	166
214	116
187	434
197	204
99	360
390	64
121	319
104	311
479	585
329	288
386	37
1	198
81	426
106	174
592	506
315	199
85	302
451	421
83	228
234	154
357	329
323	58
570	340
262	385
134	513
27	275
330	191
169	191
594	95
308	497
148	209
340	139
536	468
42	295
315	506
414	291
582	174
59	458
219	179
4	491
423	186
537	504
251	47
529	318
333	265
411	115
443	468
160	361
135	293
391	445
134	81
244	68
595	538
251	140
393	319
438	338
381	471
166	341
497	186
239	205
533	300
324	241
225	519
409	389
429	268
175	580
345	205
105	40
576	154
286	515
359	398
488	144
132	421
217	371
522	525
245	562
416	397
402	143
185	574
587	395
574	181
405	448
383	2
97	547
82	353
32	348
434	42
541	299
184	391
251	489
111	202
23	584
521	376
313	120
111	477
516	47
278	77
485	540
85	332
360	537
75	476
277	226
77	241
418	142
269	114
554	281
398	414
211	571
548	39
461	417
481	512
103	350
73	503
291	413
71	375
545	206
352	158
98	299
341	405
283	333
351	209
321	320
315	372
139	223
365	185
499	366
392	243
495	434
539	136
132	415
152	495
202	470
374	379
514	344
486	347
451	44
394	304
557	505
377	514
5	385
32	455
86	458
442	65
89	385
328	307
379	573
516	328
501	422
103	280
169	40
395	351
520	512
370	596
96	441
53	387
235	259
385	311
403	346
451	88
449	30
380	244
388	308
480	501
343	96
529	248
219	525
32	325
452	491
355	56
432	284
578	290
257	251
588	404
252	185
470	170
562	61
379	64
444	328
120	324
587	234
14	463
125	348
338	481
180	371
305	192
520	21
549	285
93	148
549	339
367	244
184	436
346	507
370	498
526	532
31	447
79	463
324	418
2	513
333	351
172	195
105	57
181	113
249	262
169	98
448	215
359	47
165	323
267	106
547	543
510	573
593	116
293	203
117	205
47	223
420	387
551	551
517	198
394	172
19	530
298	321
81	501
561	254
151	161
490	424
315	410
152	478
483	381
162	458
47	250
246	259
412	384
194	411
2	508
331	449
511	254
124	14
364	472
280	372
245	371
258	103
422	351
89	44
337	247
146	529
389	199
373	8
584	452
26	27
28	478
532	269
376	380
203	595
61	300
280	382
217	541
585	237
513	523
180	379
510	502
472	58
242	192
119	475
412	393
536	348
208	241
66	364
186	345
370	38
424	550
373	367
287	147
225	413
190	489
357	471
39	142
554	595
132	456
361	408
486	148
363	329
272	376
535	457
2	281
318	249
25	377
411	108
228	136
487	20
466	198
185	107
143	571
458	199
502	35
53	386
359	242
317	469
25	287
82	89
523	352
107	322
93	378
7	465
116	26
95	140
530	61
467	404
139	529
37	306
259	14
322	134
270	573
60	190
384	355
164	256
555	25
69	461
78	500
476	481
426	228
44	547
416	3
503	13
86	427
46	592
489	516
473	152
197	194
138	479
199	423
291	241
251	2
8	148
353	555
151	129
114	241
524	387
121	155
105	131
501	295
99	198
99	178
255	108
448	413
539	301
316	32
586	185
449	205
47	356
67	572
315	389
354	463
521	282
274	481
366	154
196	112
446	334
525	275
145	453
524	129
517	546
97	553
205	380
577	288
567	202
14	234
20	233
395	168
192	291
381	434
81	382
245	353
492	118
491	171
362	159
308	4
50	220
12	30
529	237
326	501
540	577
279	186
550	528
539	313
413	202
336	561
566	146
519	23
289	241
569	239
487	224
101	513
103	558
327	596
209	377
213	177
250	533
179	271
94	438
86	358
107	100
469	482
193	378
596	358
456	51
131	90
347	226
19	331
320	467
400	110
497	292
585	321
468	250
380	53
150	369
383	403
399	147
538	202
319	220
96	163
207	280
525	369
241	226
425	192
41	282
241	329
173	537
303	127
120	44
232	17
140	347
523	452
229	589
570	276
163	258
192	104
512	524
579	127
208	267
555	98
485	156
32	184
154	253
114	448
536	375
97	142
564	24
13	541
473	325
392	533
106	513
288	361
496	36
169	553
209	2
550	543
346	38
440	151
451	491
367	128
360	24
581	257
153	14
162	42
599	215
218	8
118	148
19	116
418	506
91	161
322	435
190	121
178	245
308	523
316	41
497	506
542	234
174	229
167	455
542	374
186	239
219	506
13	328
190	156
324	60
21	526
398	425
438	381
145	187
138	215
274	552
365	436
180	320
18	174
98	215
348	151
536	393
350	30
42	9
524	517
296	141
395	297
506	425
387	303
517	318
493	200
552	463
471	1
104	240
380	9
310	564
200	287
339	201
161	128
394	66
386	186
163	569
433	56
376	23
360	347
440	529
449	1
554	224
210	4
51	86
87	258
184	288
47	428
191	596
215	397
48	400
83	449
65	124
203	383
518	110
66	213
72	256
257	118
108	464
306	587
92	124
241	323
299	519
380	392
154	565
540	88
136	103
92	444
78	363
405	529
159	307
116	392
215	360
123	124
475	579
100	280
198	335
469	2
84	471
596	448
174	392
340	493
598	34
200	464
285	104
404	226
152	473
227	394
185	579
26	182
282	36
44	544
140	468
127	51
573	226
83	48
344	137
587	257
599	350
132	154
75	1
594	47
180	374
314	221
572	447
66	41
261	7
317	7
259	566
522	225
220	524
260	436
28	468
221	448
245	567
587	372
468	241
500	35
471	364
438	199
18	55
95	248
265	186
595	577
295	153
252	200
92	274
476	320
462	389
238	589
7	408
362	539
476	300
295	306
589	47
314	18
568	574
141	32
488	559
531	362
147	537
0	509
322	96
206	136
433	9
370	188
86	438
92	202
198	174
93	561
59	4
427	83
226	459
448	324
208	523
457	54
397	226
346	131
505	594
391	488
586	162
77	497
104	292
462	431
40	323
235	468
476	223
37	319
571	575
364	280
541	513
272	425
591	312
558	286
533	411
378	411
453	126
467	473
224	376
148	533
20	264
126	261
244	324
307	72
145	367
53	41
473	206
133	190
566	72
320	227
354	416
540	263
550	232
264	144
434	124
537	312
503	216
128	3
72	374
25	595
134	160
391	218
186	6
107	483
318	173
252	598
285	116
0	102
17	420
488	433
595	20
41	275
124	238
447	519
218	394
436	363
95	588
206	231
524	548
431	298
154	507
214	281
273	557
387	533
209	199
55	568
166	77
489	492
433	360
437	191
104	267
328	462
160	273
79	349
257	173
92	433
64	478
66	466
394	292
288	281
91	187
441	569
111	43
125	317
424	297
136	230
286	575
416	575
476	218
300	423
319	141
255	466
354	18
444	253
468	352
100	108
331	126
442	266
490	42
344	387
398	438
67	297
230	399
344	490
353	244
594	466
409	448
220	218
597	451
488	325
452	475
514	291
333	450
511	164
60	253
55	498
159	185
185	355
510	586
182	90
465	513
389	593
211	489
270	69
572	190
266	70
485	74
39	274
396	5
562	93
232	241
293	310
286	24
536	337
401	42
179	580
425	326
354	137
226	524
449	391
341	477
518	509
43	592
439	485
390	50
160	128
570	193
295	75
440	181
51	270
188	180
374	349
220	168
139	37
569	399
434	28
474	566
561	69
219	483
485	127
117	374
158	162
15	178
96	485
554	198
101	78
138	499
456	503
304	418
221	553
340	196
133	80
72	396
357	123
472	164
69	382
229	291
70	558
585	464
365	312
45	390
12	94
23	76
48	391
463	360
469	146
151	551
429	295
275	547
255	122
102	18
348	501
556	47
509	328
302	287
545	408
72	434
115	289
111	475
207	105
174	270
301	43
527	230
206	581
222	592
92	446
297	559
550	383
564	460
256	269
506	2
377	32
470	212
302	324
262	372
428	521
305	592
66	209
463	362
13	277
103	285
446	540
598	136
38	417
75	264
473	304
136	278
0	126
450	377
353	258
289	106
257	163
403	139
369	503
403	434
558	397
104	504
122	375
136	168
353	0
43	150
174	238
395	470
163	476
161	246
431	383
363	593
394	259
105	233
460	505
144	120
292	519
534	251
397	140
451	108
426	454
320	346
481	178
498	183
126	191
351	62
462	520
1	559
332	268
312	328
545	516
281	465
388	456
332	36
65	214
172	192
293	96
72	457
80	1
86	573
219	428
391	597
193	480
446	334
450	52
473	123
267	579
98	529
233	484
16	54
571	465
518	199
200	402
53	421
518	598
581	579
345	509
94	167
516	348
206	482
578	165
283	294
493	371
447	507
488	175
76	254
592	82
85	134
292	96
324	516
398	317
562	310
578	7
161	552
531	479
325	81
293	189
497	581
373	71
317	324
156	61
173	86
426	428
37	137
512	118
217	297
382	219
169	594
11	110
2	501
26	157
279	333
393	46
542	333
374	507
399	208
202	594
359	556
423	532
587	371
574	400
320	536
360	347
247	475
415	461
301	208
597	587
361	330
306	37
271	360
515	308
529	586
45	482
221	514
2	5
82	457
290	465
380	565
346	305
591	212
26	378
512	335
224	477
358	406
267	574
296	404
218	501
344	343
314	329
533	462
494	284
174	15
89	407
34	308
447	346
557	481
449	336
109	533
0	157
499	235
49	133
156	204
150	411
447	378
149	498
89	499
249	308
460	408
318	220
278	409
43	514
118	504
144	346
313	166
7	513
202	373
87	502
393	484
250	49
154	312
329	579
350	45
462	17
87	401
150	470
188	409
250	11
316	27
82	590
112	199
50	181
545	242
177	397
233	488
84	11
341	493
458	270
56	321
144	47
339	566
525	7
591	519
39	563
389	214
268	550
381	322
189	260
372	452
261	118
137	228
439	110
405	541
253	241
314	297
45	180
388	442
30	236
485	143
344	150
77	511
257	343
430	188
20	386
237	527
221	492
268	53
487	477
165	363
206	222
201	211
192	337
375	66
37	121
112	533
16	191
398	408
366	54
29	2
268	188
146	17
141	589
264	597
0	429
345	148
288	202
185	345
429	404
551	82
415	530
429	509
475	354
270	517
239	21
575	599
367	45
398	499
506	371
471	18
190	465
54	323
599	305
470	113
207	480
56	141
296	587
583	371
205	356
584	379
6	521
128	55
58	569
245	332
519	532
142	383
21	46
207	309
136	39
148	583
148	346
406	520
531	464
180	236
546	40
97	454
442	62
283	414
322	397
572	302
465	458
265	496
273	71
576	358
503	376
190	181
351	237
462	430
381	212
54	154
238	59
596	290
37	415
429	393
129	4
14	550
35	434
468	17
78	0
157	473
319	63
337	408
188	270
59	148
321	197
450	203
141	456
301	258
235	354
235	586
133	339
255	560
98	216
170	215
192	342
99	387
197	338
569	317
143	408
130	190
404	318
540	74
475	579
0	435
457	202
110	503
264	109
316	367
42	0
432	284
499	564
37	384
316	412
138	398
540	511
165	0
249	130
391	563
84	537
41	465
243	466
413	491
32	407
119	496
46	414
114	174
443	118
223	180
129	200
584	1
103	408
386	429
405	262
249	115
469	173
381	311
516	176
522	473
175	476
254	542
235	494
308	32
4	561
181	530
55	60
142	553
364	46
260	2
555	175
108	540
336	44
383	194
72	390
507	232
107	464
501	46
20	3
473	238
355	168
220	22
507	578
1	99
407	229
296	594
424	7
77	412
466	121
124	69
253	377
410	441
478	432
574	228
549	211
487	420
234	344
527	182
465	287
357	201
292	122
521	362
72	35
416	317
423	40
599	486
508	517
283	209
582	487
7	124
315	424
64	358
182	492
346	356
516	487
598	416
95	449
515	182
525	511
496	301
51	14
428	190
483	398
36	133
150	322
371	521
362	496
81	265
27	521
122	420
152	478
47	125
197	500
474	442
518	599
90	167
371	207
31	308
438	56
23	416
25	188
431	184
109	157
565	56
486	250
450	468
338	320
45	531
104	202
354	545
341	262
282	200
73	173
228	322
8	383
321	46
13	153
70	164
561	540
546	150
65	515
150	510
230	289
524	78
573	116
168	208
382	338
148	114
106	198
576	277
486	119
366	571
253	78
28	322
345	90
178	457
530	329
459	310
55	413
72	26
352	576
224	530
15	14
532	475
11	254
278	80
428	100
50	419
269	494
397	166
378	81
258	348
323	119
267	290
361	447
301	547
238	98
468	548
97	333
565	85
398	320
219	185
572	369
520	338
552	358
13	219
264	5
22	108
297	594
364	508
329	349
6	342
593	260
170	18
522	124
252	150
225	104
289	361
461	220
86	269
268	137
137	238
173	308
297	163
401	525
498	120
123	377
560	445
286	93
301	535
46	496
533	353
310	227
30	599
449	447
334	342
428	67
108	563
152	529
225	327
21	396
391	251
386	393
415	38
530	454
425	224
56	35
20	10
555	428
501	13
508	408
196	555
460	337
291	134
203	104
72	475
443	300
249	57
315	231
487	540
207	573
419	169
101	114
12	558
50	63
139	360
3	473
478	263
184	534
161	266
58	76
291	202
158	528
99	94
425	80
139	275
139	446
293	317
496	25
83	423
137	281
491	571
434	383
342	430
188	47
450	459
226	267
461	442
585	53
34	325
401	592
512	119
528	332
325	570
126	460
99	571
51	437
161	51
260	206
146	421
100	359
170	7
567	535
516	223
98	270
176	203
270	323
290	541
564	51
567	49
186	55
345	69
27	352
313	68
245	90
35	438
268	122
173	240
148	173
114	499
315	527
307	108
493	173
469	415
345	55
166	545
225	149
512	361
495	341
328	585
466	431
56	543
344	341
184	330
30	338
484	236
82	117
519	187
57	66
261	459
61	165
478	148
126	420
406	539
154	137
545	31
167	520
300	386
260	35
342	411
544	344
30	364
186	491
366	245
23	453
405	220
42	209
475	454
222	79
389	407
223	447
544	394
511	323
434	533
364	337
148	317
422	316
451	217
311	350
150	277
11	324
554	246
470	22
105	116
565	249
50	193
108	195
41	69
335	67
455	260
60	458
220	500
438	306
217	558
252	161
506	360
504	241
72	45
508	480
541	402
86	159
289	254
36	354
161	581
338	275
135	513
489	59
220	550
449	197
18	143
199	440
175	130
210	522
67	541
87	172
338	4
85	342
229	33
267	495
355	102
197	320
45	481
165	398
120	44
550	595
211	57
59	360
455	79
254	201
166	171
317	381
29	77
287	480
515	54
117	55
436	595
595	287
199	105
229	450
450	309
22	439
247	46
212	485
520	226
336	491
543	249
353	519
16	138
256	394
23	377
318	301
30	561
81	594
103	395
125	312
440	203
192	156
148	420
502	473
550	216
259	277
232	365
527	71
121	575
395	120
549	182
18	565
135	556
10	6
258	557
410	174
277	219
245	448
52	205
341	2
171	244
211	441
534	474
555	377
515	7
444	398
33	65
348	436
330	455
379	255
164	506
86	408
269	449
300	149
364	519
389	76
485	491
414	195
180	116
336	39
67	255
209	80
190	167
458	309
532	599
479	153
48	254
406	561
325	320
519	32
288	77
66	434
479	353
573	233
72	448
244	519
212	219
347	257
386	410
112	204
415	288
227	64
283	430
223	85
384	253
546	181
244	244
136	416
485	129
302	30
524	80
154	549
298	94
184	119
367	176
528	478
521	589
211	479
113	12
387	113
570	180
290	408
523	462
51	515
28	296
397	278
557	49
510	524
545	173
132	556
393	476
119	119
598	155
570	484
342	462
552	472
432	544
355	493
538	513
95	222
167	298
173	212
367	480
84	440
494	67
34	166
110	122
465	434
96	421
188	25
430	463
176	335
572	598
40	320
453	559
192	397
418	363
179	526
109	88
568	542
204	277
183	447
232	151
90	155
133	233
222	548
436	555
89	129
308	89
533	269
200	390
122	501
482	46
339	470
460	229
518	457
87	23
487	436
229	373
238	551
88	120
140	55
582	326
181	210
364	46
63	224
591	65
82	306
1	47
495	545
480	467
514	262
267	109
324	498
134	298
433	153
366	249
249	191
502	260
538	263
558	209
162	532
365	381
586	526
213	300
526	580
173	263
345	72
245	90
301	555
106	328
496	341
313	70
26	121
424	426
227	155
8	438
369	527
215	540
479	279
194	439
58	145
79	579
37	115
512	243
588	156
380	317
349	440
583	148
554	495
34	178
331	362
389	384
305	443
265	523
557	161
538	436
303	117
473	333
571	532
0	131
109	552
415	364
221	317
52	479
238	142
518	170
200	273
458	347
341	406
326	439
1	247
339	121
346	116
353	544
143	558
138	343
365	461
416	562
149	113
242	90
441	337
537	133
229	132
482	61
474	122
292	203
53	469
0	56
407	585
17	512
453	374
457	475
456	22
275	129
159	103
255	90
304	142
383	359
365	534
185	504
115	68
325	259
222	360
390	421
345	178
541	41
250	102
537	74
345	550
435	215
176	443
46	338
222	24
268	588
390	451
539	169
13	408
526	475
33	323
344	526
92	546
107	311
344	277
350	386
60	35
246	310
293	410
3	167
568	147
595	336
35	255
580	395
563	138
395	287
288	475
498	293
437	356
245	15
84	277
301	404
143	87
214	548
408	519
395	29
153	202
210	48
256	87
473	299
386	70
127	452
81	19
72	478
232	566
464	467
499	410
225	583
387	568
16	12
551	479
297	487
366	194
123	415
209	199
445	125
294	247
200	420
286	519
127	143
280	154
536	129
199	25
318	101
518	80
408	122
252	581
241	442
171	120
338	352
34	122
469	460
386	187
344	301
277	28
145	529
490	429
305	84
149	373
569	378
276	92
17	395
261	478
520	42
587	414
293	9
23	532
468	237
114	357
100	98
336	5
261	179
473	188
310	400
346	242
197	356
520	360
120	409
60	197
16	491
346	425
478	302
260	401
110	524
251	232
23	103
45	135
116	7
10	1
285	185
128	541
374	373
47	440
33	570
271	526
528	16
117	13
154	33
101	551
143	316
105	554
167	240
47	205
188	218
192	297
472	27
21	217
0	506
84	408
280	569
361	510
105	165
56	582
589	527
110	479
3	107
199	477
350	234
409	555
112	336
248	376
404	435
27	555
328	14
548	507
41	178
37	560
225	152
278	176
579	109
91	111
319	122
553	6
25	359
361	54
196	108
301	113
108	52
56	166
529	182
107	359
575	209
297	152
242	507
307	359
495	190
384	194
590	383
516	257
324	189
162	153
229	595
436	410
326	426
191	134
167	326
484	95
7	154
416	27
171	210
101	22
231	46
145	85
253	518
156	146
546	215
152	449
21	64
561	574
108	561
195	64
495	505
211	62
357	129
534	5
133	67
333	563
205	473
546	187
342	507
60	389
329	345
94	137
498	232
303	240
563	565
2	535
388	236
397	593
285	267
430	496
550	112
26	240
510	515
15	160
119	89
481	134
515	207
42	117
272	111
98	30
150	522
159	560
226	514
341	53
307	499
214	443
57	205
237	259
349	360
333	49
396	445
438	225
293	461
191	298
314	593
551	450
363	581
197	598
21	433
216	292
346	581
33	207
90	16
69	70
536	397
422	569
191	131
40	217
195	64
417	196
308	345
154	281
204	8
146	118
402	483
570	435
55	37
499	274
214	387
371	470
241	205
359	525
526	158
378	492
264	106
540	381
410	252
110	55
166	49
481	571
324	468
558	38
158	511
400	311
360	42
238	199
365	556
68	24
340	203
25	580
321	193
580	27
376	53
31	360
589	163
174	513
103	569
9	89
275	159
4	99
164	339
560	229
39	222
18	79
5	382
377	6
10	296
541	202
563	177
283	504
229	466
317	589
223	430
406	376
273	402
371	553
62	176
221	132
413	239
83	61
174	442
109	223
343	403
579	13
478	596
203	195
401	450
298	306
561	319
434	422
333	490
497	182
435	181
42	208
121	99
349	22
2	572
97	409
20	38
450	592
262	90
21	133
398	200
257	476
536	335
40	537
299	117
210	77
6	55
330	308
232	183
466	47
165	535
10	329
588	582
398	584
277	110
197	9
504	38
189	56
385	531
76	99
103	222
218	138
547	362
18	326
30	253
63	203
412	9
300	195
12	301
515	384
465	340
110	37
259	338
76	241
294	423
588	138
509	441
581	90
183	258
166	249
367	243
153	566
329	411
210	283
536	441
549	324
477	410
325	419
18	335
73	68
581	534
34	520
440	11
559	272
445	306
233	272
70	60
251	565
34	220
64	269
180	29
480	241
502	250
206	9
243	169
113	508
369	61
322	458
525	150
29	585
297	423
192	496
104	68
280	92
555	342
91	300
148	269
593	171
79	360
243	353
296	236
126	486
559	231
217	333
224	16
57	344
39	77
390	286
81	303
158	13
430	262
279	406
123	429
266	212
564	266
51	280
334	100
525	437
498	577
346	355
469	275
24	490
332	47
159	132
149	362
183	383
121	503
447	477
70	497
360	114
121	370
8	426
384	286
594	165
38	55
498	424
551	5
334	481
219	50
593	199
8	319
337	131
23	63
112	39
201	278
183	385
267	21
582	387
116	461
265	275
15	388
469	570
459	153
328	564
304	281
221	299
509	172
383	255
501	55
77	246
144	582
36	372
453	318
50	335
20	212
174	586
1	334
334	60
462	532
480	476
128	353
210	540
441	164
548	543
222	534
507	479
502	175
593	23
579	66
128	386
157	457
366	15
209	550
345	178
97	24
11	207
446	414
377	93
488	483
102	597
502	374
373	494
280	196
419	63
465	485
323	504
27	304
339	205
51	467
227	415
355	563
22	65
230	364
433	156
430	293
576	448
113	532
584	583
178	321
559	239
52	210
239	389
161	587
474	360
537	167
104	401
478	543
339	101
140	342
3	412
454	335
494	401
547	459
151	198
592	539
575	252
135	254
345	108
229	463
455	93
129	271
539	370
231	178
408	551
77	120
358	496
181	59
356	446
297	0
423	311
477	148
57	553
70	164
205	114
553	177
23	359
382	70
297	240
106	263
567	284
124	264
188	262
143	487
365	571
334	447
204	166
439	242
215	506
374	314
118	348
170	276
284	59
140	529
165	221
595	74
30	215
349	248
177	344
456	502
471	114
159	211
264	351
56	575
215	44
266	522
17	340
283	572
92	596
376	140
547	470
542	472
503	364
356	541
578	435
316	4
141	170
103	377
458	405
349	561
235	314
254	440
345	39
58	77
321	470
468	66
177	255
166	339
16	104
238	194
331	339
542	21
59	252
386	565
492	62
338	363
9	441
94	473
107	433
353	595
241	254
7	120
240	540
520	489
475	31
390	508
487	204
35	157
61	302
204	98
155	276
330	362
164	164
327	361
378	14
461	242
518	39
50	218
527	441
208	485
278	179
121	231
426	82
119	57
23	180
497	21
98	420
402	448
463	39
260	452
435	226
138	15
510	526
171	115
384	345
41	387
220	426
417	310
73	113
30	27
261	249
502	402
125	338
414	75
72	383
481	429
418	545
220	140
451	78
525	280
407	66
265	135
393	168
564	14
264	77
267	481
516	305
550	76
233	442
370	13
218	567
579	585
49	167
486	375
227	260
172	525
377	199
458	165
328	144
365	347
218	441
380	582
558	153
78	496
458	592
202	68
457	452
85	299
167	311
21	491
328	410
596	357
281	107
513	497
351	438
25	408
236	315
147	94
128	156
496	58
267	552
457	403
216	81
379	409
158	79
573	196
120	287
426	565
92	131
586	40
153	23
67	322
177	533
325	413
494	46
130	229
489	182
468	22
21	314
9	484
570	393
490	199
214	492
441	481
374	252
424	221
586	382
175	173
166	285
189	96
396	68
552	526
247	70
399	170
299	460
180	147
512	482
15	118
62	487
342	180
234	392
73	292
134	272
577	212
446	333
288	425
6	561
76	425
346	324
446	121
326	11
55	504
492	87
577	127
219	12
547	595
20	428
199	289
40	416
134	116
94	194
403	310
473	490
132	361
29	323
68	257
402	417
78	352
441	578
165	285
507	262
310	42
473	468
487	488
478	538
281	257
321	528
64	450
391	266
523	339
269	129
103	316
3	420
302	366
220	448
92	564
257	577
258	388
37	260
388	157
363	227
318	350
388	99
179	433
397	102
405	523
182	200
377	136
181	24
545	503
520	93
581	264
353	10
52	534
299	359
252	253
563	494
273	240
547	23
202	119
344	216
183	220
74	309
494	432
180	568
157	239
433	37
106	21
551	284
327	51
344	523
465	466
58	456
239	171
449	40
479	280
498	135
548	363
128	180
76	249
348	248
142	274
37	443
113	247
455	371
535	24
223	275
8	258
188	108
291	402
450	106
87	497
313	165
288	283
202	25
221	557
321	341
422	163
173	5
300	219
117	548
536	497
501	274
525	408
54	478
585	146
155	464
174	52
39	230
160	73
324	528
23	322
151	354
235	414
368	550
535	404
173	139
343	274
197	486
435	480
354	483
382	359
168	440
432	431
346	430
62	553
51	413
404	474
266	515
281	289
79	345
416	222
595	435
135	134
572	281
464	367
429	94
101	204
236	324
288	117
540	570
64	111
331	36
8	539
398	509
594	534
33	180
217	453
299	328
316	290
461	144
238	455
491	108
298	374
251	410
243	554
483	438
218	510
511	265
217	376
512	108
284	522
248	105
511	333
313	206
370	513
181	471
122	206
304	592
281	512
42	428
125	395
361	564
494	323
316	143
57	429
58	314
330	56
544	37
582	290
25	298
54	505
463	210
327	462
160	278
391	167
365	87
490	266
372	306
114	513
213	124
493	431
17	173
56	189
190	124
42	465
487	552
507	531
440	397
331	77
248	219
527	487
247	367
342	421
39	20
305	253
151	258
369	168
57	281
515	85
477	274
486	484
319	410
229	406
404	292
144	510
514	10
581	404
229	56
436	462
437	125
208	259
389	190
73	158
303	177
422	91
506	11
543	361
557	246
393	492
142	355
379	398
83	16
574	241
546	286
33	251
540	377
98	535
36	5
248	180
413	145
397	236
361	467
417	387
342	80
258	138
122	510
568	495
560	504
188	123
579	93
241	383
327	309
299	340
247	145
139	470
352	270
20	12
229	414
32	230
76	43
84	43
261	120
435	431
379	454
21	221
171	240
296	598
234	476
199	574
123	119
374	320
293	315
48	118
106	143
504	47
356	91
187	108
403	599
455	352
354	63
117	268
87	429
513	21
584	595
562	131
163	579
293	286
262	485
508	239
574	68
372	504
155	77
148	161
367	453
137	72
327	311
175	436
322	30
433	166
271	13
217	21
220	9
148	109
41	151
500	42
330	31
273	439
579	332
306	117
510	151
181	146
296	144
502	425
553	49
36	143
98	182
199	209
273	492
558	487
232	397
517	349
596	334
443	494
481	333
17	61
507	2
103	122
7	120
561	166
408	0
142	411
221	571
345	122
335	338
592	426
441	252
322	282
64	571
438	467
2	195
494	133
555	152
50	253
482	203
137	79
298	528
299	182
388	151
362	477
138	350
342	209
542	479
263	197
273	435
477	521
448	355
204	313
337	374
380	45
243	276
492	258
547	589
342	196
235	463
238	174
101	411
76	528
181	355
25	259
588	234
493	165
73	519
7	156
306	184
63	464
136	111
541	441
272	163
148	521
374	326
577	256
220	494
101	123
409	595
378	288
492	164
267	497
87	302
291	458
585	282
327	113
140	561
104	473
245	598
593	234
1	137
39	296
300	580
534	518
197	243
264	528
134	109
16	162
200	177
461	505
139	599
402	347
386	333
450	61
133	218
537	169
240	66
485	434
361	495
187	46
143	184
14	86
598	345
219	181
526	486
64	427
307	333
459	189
216	263
150	298
509	475
143	316
591	336
286	457
318	548
368	486
546	325
529	271
126	99
286	477
447	593
80	516
310	190
221	328
521	564
24	492
328	349
513	318
82	460
247	274
296	527
537	162
329	367
380	7
109	105
30	342
198	245
282	562
120	496
589	41
161	352
109	70
546	507
73	123
134	236
170	177
234	52
593	150
434	569
59	329
269	477
319	444
110	494
521	310
492	189
206	277
587	85
351	181
393	515
131	535
349	388
509	201
1	87
189	542
456	519
122	506
538	333
581	227
21	361
385	63
582	18
446	519
301	202
100	165
22	231
173	583
284	231
100	479
104	155
457	574
111	198
166	421
161	411
508	288
302	465
278	199
563	420
303	562
370	176
240	593
56	76
121	61
351	545
33	583
324	566
49	498
379	346
202	47
190	212
31	558
37	250
229	443
415	365
502	125
526	341
333	246
169	438
5	407
482	487
98	460
80	442
376	39
536	261
218	380
460	397
275	424
341	169
345	543
429	266
135	113
325	197
489	488
173	337
482	112
42	324
282	179
73	21
284	80
370	477
235	263
456	400
172	76
564	65
534	438
145	119
462	219
483	514
87	122
465	425
463	132
441	204
389	79
10	385
167	481
477	398
96	14
469	257
197	309
373	327
296	421
280	47
358	144
276	467
508	273
200	362
159	263
501	212
536	214
112	332
366	94
45	171
501	250
375	46
572	456
356	310
36	200
398	536
309	74
372	449
523	328
135	568
5	461
576	512
262	194
191	272
108	187
62	176
342	266
220	346
187	71
373	363
357	274
382	117
13	351
423	530
320	245
402	399
326	123
175	402
339	495
274	554
431	285
164	234
56	104
565	545
95	584
84	209
560	64
381	129
522	594
473	42
159	58
196	594
134	548
327	88
196	266
85	390
201	206
411	548
246	441
1	526
276	69
189	516
583	293
270	10
450	207
462	307
396	67
201	167
537	235
202	118
499	455
381	136
255	276
511	402
468	440
561	471
261	588
524	1
496	534
486	290
407	147
314	300
52	565
574	144
562	6
6	183
342	298
102	83
204	178
596	105
278	98
4	350
384	472
237	451
390	343
513	366
110	128
377	86
138	252
111	307
526	41
325	495
561	598
443	557
542	180
422	581
257	251
460	312
303	150
508	438
54	420
457	194
75	220
464	559
339	380
287	546
569	166
493	267
222	592
241	217
375	262
410	104
184	406
525	306
326	120
557	447
315	16
221	354
218	401
129	51
138	448
115	242
591	194
233	278
19	467
195	570
564	308
506	49
48	304
588	238
139	403
540	498
457	344
263	370
151	309
345	140
3	21
134	423
236	466
420	477
483	12
101	294
521	395
395	505
499	253
340	329
505	540
133	186
412	239
147	470
437	523
21	489
130	246
364	405
11	249
100	35
235	23
109	559
330	53
178	182
391	80
530	343
123	174
469	11
369	250
342	154
185	360
431	499
131	344
299	192
425	378
180	92
478	335
44	210
418	488
593	267
71	174
538	523
38	437
430	217
498	301
268	34
399	102
564	400
235	503
92	172
562	11
512	77
112	226
329	459
302	487
13	277
496	83
111	147
174	205
29	345
174	444
8	441
130	587
193	460
469	239
366	428
593	328
339	49
445	521
174	486
490	318
43	415
52	298
358	242
382	170
230	471
278	482
550	413
376	521
168	386
534	267
35	470
212	91
427	445
233	491
447	239
290	458
61	54
113	360
2	115
259	417
46	262
520	179
347	80
379	222
327	526
592	88
303	4
501	394
571	252
505	146
433	450
250	501
505	205
187	41
103	492
290	332
551	490
295	61
123	399
232	269
184	477
433	425
359	524
345	431
71	450
24	403
207	251
541	461
217	496
100	592
378	231
452	113
47	327
31	162
321	431
266	330
569	258
132	243
550	528
596	352
395	4
227	241
158	53
208	92
595	572
434	178
407	233
592	547
8	578
253	207
554	354
23	170
164	489
118	2
225	453
50	536
523	245
261	137
18	478
599	568
161	532
384	378
505	39
177	358
31	335
67	215
585	589
233	15
295	295
338	361
220	104
342	499
539	50
442	511
294	256
430	308
73	373
83	318
517	59
146	166
153	457
328	383
355	404
181	399
540	392
484	189
234	139
165	374
391	542
302	302
70	217
288	525
158	162
141	311
462	250
160	16
376	44
109	11
403	322
399	469
217	14
312	306
319	346
187	275
443	469
29	595
183	595
426	581
547	543
396	196
489	176
87	102
418	477
368	46
382	69
179	532
145	231
27	364
505	235
436	32
27	340
428	138
285	147
88	145
318	145
492	431
306	352
386	598
218	87