488	67
343	4
524	499
275	2
125	57
68	110
301	1
431	31
541	478
185	23
481	539
161	565
503	520
315	599
562	446
170	570
135	550
441	36
115	536
535	486
63	483
485	64
25	419
596	348
472	55
8	368
444	563
307	1
39	447
295	599
532	490
444	563
35	440
18	198
53	130
204	16
442	564
481	61
493	71
416	576
185	577
519	95
35	440
312	599
403	19
385	587
256	596
502	79
158	564
549	467
383	12
534	487
571	172
229	9
5	246
550	465
573	424
115	536
315	599
469	53
46	459
165	567
537	117
69	109
526	497
192	21
163	566
330	2
246	5
93	517
141	46
530	108
398	583
480	540
224	590
300	0
77	100
222	11
364	593
67	112
351	5
156	563
470	547
106	528
182	25
101	76
177	27
464	49
51	467
594	241
462	48
275	598
339	3
312	1
374	10
374	590
60	120
376	10
276	599
68	490
591	372
408	21
205	16
420	574
493	71
132	52
305	1
141	554
420	26
537	483
409	579
337	597
73	104
230	9
384	588
499	524
189	22
43	454
509	515
154	38
42	147
499	76
29	428
126	544
317	599
83	93
530	108
88	512
147	42
2	334
184	24
459	554
421	26
529	493
444	37
455	556
494	528
106	72
285	599
50	135
25	181
107	529
341	3
487	534
533	488
17	201
471	546
513	511
371	9
31	168
152	560
6	359
316	1
174	28
487	534
118	62
197	581
556	456
422	26
506	518
564	442
87	89
16	396
55	473
162	566
305	599
115	536
467	549
400	582
83	507
365	8
36	442
148	558
179	26
257	596
30	170
171	30
552	462
73	104
19	405
358	6
338	597
226	590
394	16
271	598
349	5
69	491
170	570
514	510
284	599
90	514
13	213
502	79
175	28
468	548
487	534
131	547
423	27
129	546
103	526
212	14
551	464
473	55
355	6
236	593
594	359
268	598
157	563
194	580
121	540
182	575
65	114
430	570
364	7
269	2
134	549
387	587
229	9
478	59
315	1
589	220
346	596
5	246
121	540
234	592
322	1
484	64
340	3
531	109
44	456
328	598
108	70
401	18
445	562
24	417
574	422
570	170
312	599
495	73
117	63
427	29
37	156
416	24
77	100
133	549
52	132
423	573
531	491
586	390
585	393
235	8
584	396
542	123
303	1
440	35
101	76
352	5
119	61
271	598
150	41
216	588
464	551
469	547
97	520
272	598
454	557
491	69
245	594
365	8
20	193
370	9
221	589
573	424
179	26
348	4
77	500
89	87
427	29
320	599
337	3
361	7
463	49
572	426
130	547
76	499
491	69
498	525
490	68
399	17
151	40
109	69
132	548
107	71
562	446
475	543
407	20
409	21
377	11
434	568
258	597
342	597
519	505
396	16
591	372
233	8
101	524
309	1
113	66
378	11
489	532
353	595
535	114
219	12
592	232
401	582
537	117
136	49
589	220
516	508
215	587
232	8
241	594
480	60
519	95
547	470
107	71
392	15
502	521
51	133
599	276
292	1
331	2
157	563
417	24
430	570
200	18
199	18
40	151
241	594
258	3
441	564
533	112
314	1
574	422
78	501
483	63
377	589
212	14
106	72
438	34
214	587
318	599
90	514
238	593
405	19
167	32
481	61
75	498
212	586
541	478
423	573
224	590
242	6
584	204
481	61
337	597
560	151
291	599
102	525
199	582
73	104
520	503
278	599
152	40
59	478
326	598
35	160
105	527
300	600
236	593
489	68
86	90
319	599
196	19
23	415
30	430
55	473
251	595
596	252
169	31
121	60
421	574
341	3
235	8
115	536
19	195
571	428
192	579
473	545
446	38
319	599
231	591
452	42
395	16
568	166
450	41
515	509
342	3
145	556
450	41
356	6
561	447
494	72
284	599
48	462
412	22
380	11
464	551
4	348
219	12
462	552
374	10
420	26
110	532
4	252
193	20
329	2
450	559
419	25
6	241
554	141
522	99
250	595
499	76
43	146
466	51
56	474
66	113
466	549
391	15
553	461
541	478
30	430
594	359
472	55
561	153
353	595
556	144
572	426
581	405
269	2
49	136
108	530
201	583
472	545
167	568
133	51
369	591
33	164
117	537
192	21
466	51
370	591
254	4
6	359
185	577
286	599
333	598
46	141
153	39
242	594
33	436
3	342
187	23
237	593
376	10
240	7
428	29
25	181
180	26
333	598
364	7
345	4
571	428
489	532
355	6
243	6
248	5
39	447
133	549
62	482
301	599
475	57
181	575
258	3
59	122
108	70
170	30
468	548
38	154
201	17
326	598
224	10
435	33
406	20
387	13
399	583
178	574
246	595
94	82
73	104
94	82
559	451
342	597
361	7
113	66
123	58
524	101
454	43
259	597
331	2
442	36
53	470
594	241
412	22
398	17
378	589
569	432
595	354
126	544
510	514
458	555
74	497
34	438
415	23
181	575
3	342
430	30
253	4
17	201
353	595
543	475
496	73
504	81
492	530
563	156
237	593
301	599
451	559
452	558
232	592
582	198
65	114
571	172
585	393
3	342
586	210
38	154
321	599
7	236
300	0
12	216
307	1
260	597
481	61
517	507
461	553
345	4
73	104
276	1
110	532
173	571
194	580
510	514
535	114
50	135
377	589
331	2
372	9
13	387
88	512
162	566
58	123
490	68
472	55
566	438
408	21
137	49
38	154
133	549
40	449
294	1
439	35
348	596
148	42
234	592
549	133
454	43
451	41
285	1
321	599
308	1
83	93
421	574
568	166
156	563
30	430
125	543
137	49
501	522
135	550
161	35
211	586
462	48
300	0
126	544
137	551
300	600
515	509
340	3
415	23
90	514
438	34
253	596
107	71
40	151
377	11
149	559
471	546
254	596
416	24
393	15
547	130
319	1
420	574
234	8
333	2
305	1
237	7
417	576
442	564
81	505
254	4
226	590
188	22
177	573
549	133
475	57
347	4
204	584
250	595
555	458
22	188
510	86
525	102
93	83
89	513
110	532
329	2
476	542
526	497
68	490
454	43
511	87
326	598
469	547
304	1
444	37
166	32
44	456
210	14
222	589
461	553
569	168
200	582
416	24
178	574
491	69
462	48
160	35
552	138
247	595
140	47
175	28
482	538
224	590
514	90
334	2
289	599
566	162
533	112
368	8
163	34
162	566
546	129
301	1
299	599
445	562
272	2
554	141
486	65
238	7
56	474
347	4
65	114
466	51
302	599
466	549
6	241
348	4
574	178
63	483
325	598
452	558
193	580
544	474
77	100
425	28
424	573
359	594
258	3
401	582
21	190
201	17
94	518
53	130
15	207
491	531
514	510
64	485
131	53
581	405
443	37
454	557
381	12
256	596
543	475
295	599
439	35
569	432
71	107
475	57
527	496
125	57
261	3
276	599
507	83
213	13
125	543
289	599
245	594
129	546
405	19
383	588
440	565
38	154
598	266
408	21
162	566
282	599
154	562
133	549
3	258
404	19
254	4
5	354
114	65
503	520
31	168
390	14
452	42
21	190
502	521
56	474
446	562
197	19
14	390
527	496
24	183
87	511
298	599
287	599
553	461
108	70
297	1
336	3
543	475
136	551
196	19
201	17
54	471
498	75
508	516
438	566
565	440
520	503
334	2
491	531
543	475
437	566
8	232
128	545
397	17
205	584
443	37
125	543
198	18
429	570
504	519
205	16
176	27
197	19
277	1
572	426
422	26
439	565
87	89
99	78
290	1
143	45
127	55
88	88
185	577
322	1
359	6
384	12
428	571
513	511
388	14
127	55
203	583
325	2
555	458
60	120
385	587
274	598
29	172
368	592
93	83
222	11
93	83
45	458
324	599
368	8
286	599
120	60
42	147
451	559
359	6
584	396
496	73
274	598
200	582
143	45
276	599
587	387
292	1
102	525
190	579
398	17
231	591
354	5
294	1
77	500
112	533
259	597
209	15
59	478
101	76
545	127
315	1
559	451
267	2
591	228
164	567
128	545
380	589
586	210
117	63
119	539
560	449
465	550
265	597
90	514
591	228
356	594
78	99
269	598
307	1
518	94
443	563
408	21
153	39
236	593
242	6
238	593
366	592
477	58
413	577
313	1
155	562
265	597
154	562
585	393
26	422
205	584
40	151
332	598
208	585
331	598
320	1
140	553
475	57
404	581
167	32
590	376
268	598
287	1
96	519
263	3
36	158
576	183
261	597
463	49
255	4
60	480
285	1
47	461
45	142
569	432
540	480
564	158
30	430
328	2
103	74
195	581
403	581
221	589
383	12
213	587
314	599
499	76
595	246
362	593
552	138
313	1
232	592
167	568
126	544
305	599
354	5
98	79
550	465
245	594
418	25
482	538
252	4
299	599
567	436
401	18
519	95
520	97
527	496
524	101
231	591
382	588
325	2
103	74
78	99
175	572
401	582
130	53
481	539
457	555
37	444
137	551
174	572
17	399
516	508
189	22
573	424
2	334
403	581
85	509
97	520
165	567
10	224
178	26
326	598
336	3
449	560
436	33
218	588
401	18
181	25
168	31
501	78
482	538
314	599
154	562
363	7
36	442
592	232
533	112
510	86
165	33
239	7
384	588
526	103
284	1
125	543
503	80
499	524
457	555
564	158
218	12
326	2
112	67
494	72
494	528
502	521
356	594
379	11
23	415
166	32
222	11
543	125
16	204
361	7
333	2
599	276
215	587
497	526
116	536
194	580
291	599
80	503
385	13
433	568
207	15
247	595
458	45
136	49
566	162
77	100
391	585
349	5
30	170
109	69
541	478
534	113
79	98
131	53
495	527
117	537
563	156
173	571
100	77
397	17
437	34
259	597
214	587
123	542
212	586
56	474
270	2
439	35
39	153
121	540
67	112
162	566
543	475
250	595
18	198
408	21
418	575
270	2
588	384
541	478
180	26
430	30
69	491
569	432
189	578
190	21
504	519
390	586
168	31
85	509
6	359
350	595
15	393
378	589
398	583
519	95
242	6
73	104
27	176
384	588
223	11
70	492
443	37
147	42
496	527
423	573
340	597
131	547
474	56
548	132
287	599
389	14
538	118
40	151
583	201
488	533
487	66
542	477
176	573
343	596
29	428
358	6
42	453
371	591
366	592
127	545
60	480
275	2
296	1
572	426
427	29
165	33
171	570
194	20
339	597
540	120
354	5
461	553
578	412
106	72
487	534
16	396
169	31
4	348
432	569
523	100
60	480
211	14
486	65
508	84
279	1
463	49
315	1
385	587
568	166
547	130
481	61
410	21
410	21
422	26
191	21
65	114
269	598
174	28
421	26
115	64
432	31
308	599
316	1
389	586
298	1
20	193
464	49
73	104
578	188
235	592
128	55
121	540
500	77
393	15
10	224
400	18
116	536
311	1
73	496
190	579
266	598
248	595
377	589
290	1
277	599
329	2
110	68
255	596
570	170
434	32
258	597
145	556
301	1
116	536
126	56
535	114
236	593
506	518
446	38
248	5
337	597
194	580
535	114
272	598
462	48
187	577
210	14
570	430
584	204
214	13
8	232
588	384
565	160
399	583
61	119
496	527
128	55
523	500
71	493
167	32
450	41
345	596
125	57
206	584
104	527
83	507
522	501
10	224
417	24
388	14
9	372
541	478
239	7
96	81
464	551
112	67
75	102
65	114
7	364
369	9
498	525
478	541
592	232
340	597
4	252
283	1
294	1
403	581
17	399
5	354
431	569
320	599
252	4
141	554
180	574
519	95
98	79
90	86
494	72
215	587
65	486
257	4
304	1
431	31
91	515
22	188
561	447
299	1
554	141
562	154
280	599
21	410
531	109
5	354
424	27
398	17
133	549
26	422
348	596
516	92
177	573
31	168
89	513
283	599
257	4
204	584
232	8
423	27
450	559
569	168
10	376
245	594
268	598
66	487
100	77
551	136
22	188
76	499
243	594
222	589
36	442
271	2
239	593
112	533
67	488
171	570
481	61
385	13
129	54
181	575
286	1
123	542
559	451
425	28
515	509
376	590
440	565
198	582
424	27
20	407
225	10
519	95
456	556
573	176
257	596
206	584
45	458
213	13
416	576
169	31
405	581
316	599
265	3
303	1
377	11
424	27
113	534
233	592
578	188
166	568
87	511
195	19
141	554
303	1
332	598
474	544
70	108
246	595
394	16
220	11
245	594
471	54
479	540
341	597
325	598
575	181
288	599
190	579
18	198
248	5
432	31
462	552
320	599
83	507
552	462
19	195
81	95
413	23
126	544
527	104
509	85
245	594
216	588
501	78
280	1
65	114
352	595
362	7
265	3
294	1
215	587
142	555
591	372
175	572
563	444
211	586
292	1
338	3
211	586
50	135
36	158
529	107
167	32
122	541
92	516
188	578
442	564
363	7
549	133
416	576
498	525
140	553
175	572
365	592
396	16
522	501
200	582
521	98
42	453
154	562
357	6
32	166
558	453
588	384
341	597
533	112
302	1
296	1
523	100
519	505
264	597
41	451
322	1
23	185
260	3
134	549
560	449
414	577
551	136
262	597
29	428
249	595
260	597
145	556
411	22
190	579
394	16
91	85
21	410
390	14
435	33
138	48
329	598
179	26
40	151
365	592
256	4
257	596
215	587
260	3
523	500
62	118
71	107
276	1
237	593
387	587
9	372
434	32
37	156
562	154
46	459
285	1
418	25
592	368
349	5
494	528
575	419
562	446
59	122
568	166
54	471
273	2
522	99
194	20
319	1
40	449
373	10
306	1
472	545
250	595
272	2
49	464
227	10
598	266
465	550
43	146
325	598
301	1
419	25
597	258
242	6
448	40
64	115
127	545
60	120
356	594
76	101
426	572
107	71
319	599
63	483
145	556
324	1
562	154
328	2
313	599
68	490
438	34
548	468
522	501
476	58
353	595
534	113
413	577
412	578
536	485
358	6
365	592
113	66
332	598
389	586
48	462
153	39
23	415
372	9
541	122
339	3
357	594
322	1
238	593
297	599
29	428
405	19
581	405
311	1
136	49
333	598
432	31
267	2
358	6
430	570
78	99
525	498
589	220
300	0
377	589
430	30
171	570
230	9
499	524
90	514
201	17
77	100
579	190
23	185
296	599
355	594
231	9
38	154
301	1
183	24
169	569
7	236
478	541
589	380
284	1
590	376
267	2
416	24
382	588
298	599
304	1
226	590
317	599
594	241
239	593
408	21
92	84
528	494
568	166
192	21
525	102
31	168
115	64
75	498
317	1
255	596
378	589
197	19
381	12
309	1
370	9
586	210
92	516
477	58
176	27
457	555
336	3
210	14
573	176
162	34
108	70
498	75
379	11
409	21
409	579
276	1
215	587
154	562
567	164
11	380
591	372
588	384
354	595
346	4
259	597
137	551
231	591
543	475
526	497
450	559
110	68
266	598
500	523
20	407
271	598
212	14
275	2
431	569
119	61
306	599
300	0
275	2
226	10
266	2
304	599
99	78
455	44
203	17
548	132
339	597
305	599
46	459
303	1
588	384
98	521
80	97
113	66
589	220
528	494
471	54
68	110
497	74
474	56
323	599
492	530
413	23
337	3
476	542
208	15
127	545
89	513
40	151
104	73
58	123
223	589
315	1
526	497
119	61
154	562
110	68
503	520
539	481
507	517
138	552
81	95
510	86
167	568
140	553
205	16
471	54
569	432
81	95
123	542
426	572
514	90
304	599
98	521
596	348
515	509
84	508
63	483
227	10
127	545
305	599
514	510
208	585
396	16
396	16
327	598
6	359
384	588
46	459
336	3
386	587
85	91
367	592
237	7
34	162
151	40
20	193
406	20
184	576
58	477
346	4
444	37
438	566
414	23
378	11
221	589
106	528
173	29
190	579
207	585
449	40
121	540
136	49
178	26
364	593
472	55
279	599
280	599
79	502
202	583
162	566
174	28
119	61
439	35
228	9
554	141
170	30
482	538
249	595
268	2
504	519
122	59
365	8
367	592
389	586
374	10
225	10
575	419
518	94
422	26
95	519
345	596
217	12
111	532
131	547
256	596
279	1
172	571
153	39
500	77
388	586
343	596
131	547
10	224
35	440
440	565
410	579
441	36
371	591
114	535
42	453
536	115
190	579
170	570
408	21
131	547
15	393
201	583
45	142
453	558
33	436
551	136
105	73
101	76
452	558
32	166
194	20
91	515
49	136
552	138
421	574
481	61
450	41
536	115
585	393
452	558
13	213
40	449
153	39
233	592
544	126
500	523
480	60
162	566
395	584
370	591
484	64
1	324
59	478
264	597
213	13
273	2
179	574
95	81
332	2
506	518
146	43
140	47
182	575
227	10
297	1
147	42
41	451
104	527
324	1
100	523
140	553
491	531
590	376
337	3
88	88
531	491
31	168
291	1
330	598
290	599
583	201
457	555
464	551
104	527
170	30
346	4
105	527
411	22
467	51
184	576
408	579
169	31
50	135
581	405
175	572
410	579
392	585
342	597
590	376
464	49
272	598
69	109
259	3
335	597
118	538
88	512
544	126
223	589
41	149
541	122
42	147
599	324
321	1
96	519
333	2
498	525
451	41
176	27
331	598
123	58
434	568
407	580
516	92
578	188
421	574
392	15
37	444
414	23
46	459
281	1
275	2
146	43
207	585
8	232
470	547
490	68
356	594
512	88
400	582
92	516
165	33
139	47
61	481
10	376
322	599
78	99
571	428
308	1
135	50
114	535
529	493
408	21
160	35
527	496
289	599
436	567
227	590
192	21
215	587
87	89
562	154
11	380
425	572
77	500
488	67
136	551
342	3
274	2
1	276
487	66
409	21
275	2
276	599
180	26
390	586
258	3
458	45
84	508
137	551
585	393
509	515
199	582
227	10
251	595
188	578
310	1
302	1
359	594
219	12
155	38
342	597
47	139
365	8
85	509
279	599
578	412
380	11
443	563
419	25
327	2
516	92
158	564
595	246
92	516
325	598
25	181
171	30
568	166
584	204
370	9
32	166
223	11
415	577
416	24
67	112
219	12
174	28
276	1
404	581
573	424
414	577
538	118
185	23
339	3
558	453
511	87
551	464
393	585
434	568
50	135
133	549
539	481
374	10
124	58
86	90
518	506
162	34
298	599
588	216
308	599
469	547
407	20
47	139
166	32
443	563
516	92
38	446
265	597
576	183
162	34
187	23
588	384
548	468
516	508
185	577
326	598
591	228
32	166
46	459
18	198
419	25
252	596
115	64
596	252
567	436
418	25
232	592
554	141
456	556
214	13
59	478
437	34
296	599
332	2
312	1
135	550
265	597
109	531
471	546
357	594
376	10
376	590
34	438
76	101
276	1
394	16
390	586
558	147
533	488
513	89
543	125
244	594
471	546
242	594
78	99
282	1
78	99
512	512
340	597
367	592
194	580
118	538
118	538
380	11
378	11
73	104
304	1
538	118
402	18
456	44
52	468
110	532
399	17
246	595
322	599
463	551
447	561
164	567
399	17
292	599
27	424
185	577
296	1
471	546
214	587
396	584
349	5
142	555
556	456
333	2
88	88
30	170
422	574
121	60
541	122
457	555
219	12
21	190
538	118
367	8
326	598
440	565
342	597
133	549
260	597
251	5
139	47
387	13
540	480
233	592
237	7
39	447
31	168
113	66
434	568
429	30
519	505
505	81
529	107
320	599
121	540
386	13
341	3
399	583
221	589
416	576
89	87
131	547
162	34
377	589
92	84
157	37
364	593
435	33
412	22
346	596
552	138
239	7
364	7
160	565
508	516
474	56
367	8
0	300
41	451
409	579
236	593
499	76
154	38
346	4
210	586
383	12
12	384
191	21
307	1
369	9
30	430
299	599
266	598
162	34
176	573
52	132
166	32
37	156
61	119
41	149
543	125
588	384
530	492
100	77
62	118
407	580
335	597
215	587
590	224
246	595
18	402
376	10
167	568
84	508
433	568
590	224
599	276
596	252
558	453
443	37
9	372
477	542
338	597
353	5
240	593
224	590
476	58
39	447
450	559
318	599
569	168
196	581
78	501
68	110
412	22
32	434
336	3
304	599
212	586
215	587
482	62
179	574
386	13
55	127
514	90
542	123
314	599
134	51
161	565
471	546
367	592
15	207
519	505
435	567
384	588
491	69
218	588
195	581
240	7
90	514
485	64
529	493
183	24
121	60
555	142
401	18
291	1
155	38
299	599
530	492
68	490
187	23
122	541
84	92
473	545
477	58
359	594
170	30
341	3
2	266
223	11
255	596
518	94
194	20
319	1
362	593
522	99
121	60
248	595
540	120
345	4
4	348
26	178
221	11
552	138
363	593
131	547
476	58
218	12
7	236
543	125
94	82
166	568
138	48
255	596
212	14
590	376
155	38
379	589
383	12
571	172
41	149
587	387
117	63
60	120
165	567
295	1
131	53
597	342
66	487
524	101
178	26
466	549
542	123
223	589
476	542
339	597
368	8
289	1
21	190
175	572
265	597
195	19
452	558
211	586
325	2
233	8
417	576
505	519
249	5
305	599
518	94
28	174
396	16
114	65
8	232
296	1
408	21
423	573
237	7
548	468
447	39
148	558
246	5
185	23
336	597
493	529
540	480
265	3
289	599
435	33
395	16
251	5
236	593
112	67
563	156
227	590
268	2
567	164
404	19
436	33
526	103
591	228
279	599
311	599
491	531
7	236
18	198
251	5
426	28
249	595
265	3
341	3
480	540
16	396
135	50
318	599
265	597
51	467
461	47
194	20
189	22
186	23
79	502
525	102
494	72
357	6
588	216
333	598
182	575
594	241
44	456
253	596
323	599
190	579
569	432
469	547
221	589
472	545
408	579
181	575
4	252
290	599
183	24
497	526
484	64
417	576
230	591
547	130
258	597
42	147
592	232
581	195
533	488
189	22
193	20
422	574
88	512
572	174
159	564
394	584
212	14
42	147
250	595
444	563
160	565
21	190
221	589
142	555
107	529
429	570
413	577
565	160
213	13
197	581
430	570
263	597
203	583
31	432
315	599
414	577
242	6
202	17
405	19
11	220
57	475
381	588
512	512
429	570
417	24
66	487
307	1
530	492
238	7
574	422
14	390
403	19
436	33
293	599
187	577
505	81
364	593
192	21
223	589
188	22
150	559
328	2
39	447
112	67
599	276
57	125
254	4
591	372
410	21
458	555
467	549
108	70
280	599
490	68
157	37
156	563
210	586
586	210
257	596
484	64
91	85
86	90
207	15
407	580
368	592
117	63
258	597
287	1
593	236
559	149
518	506
417	576
559	451
476	542
458	45
131	547
230	9
432	31
558	147
495	527
298	599
171	570
379	11
39	447
307	1
411	578
383	588
0	300
219	12
122	541
88	512
561	447
532	490
324	599
446	562
235	8
212	14
447	39
475	57
136	551
554	141
66	487
291	1
45	142
104	527
384	588
182	25
402	582
328	2
36	442
35	440
326	2
281	1
12	384
181	575
325	2
314	1
537	483
255	596
316	599
379	11
338	3
289	599
321	599
40	151
6	241
314	599
221	589
375	10
160	565
317	599
363	593
590	224
506	82
438	34
552	138
160	565
589	220
556	144
514	510
263	597
348	4
158	564
515	91
128	55
223	589
120	540
494	72
228	9
115	64
253	4
214	587
131	547
316	599
500	523
83	507
520	97
508	84
252	596
46	141
113	534
91	515
1	276
193	20
390	14
151	40
311	599
521	98
63	483
507	517
539	119
414	577
72	494
57	475
463	551
487	534
215	13
577	185
517	93
25	181
329	2
194	20
416	24
46	141
98	79
366	8
152	40
8	368
108	70
368	592
412	22
469	547
420	26
422	26
31	432
65	114
18	402
400	582
389	14
25	419
175	572
465	550
469	547
156	37
518	506
299	1
302	599
578	412
253	4
205	16
363	593
134	549
315	599
6	241
241	6
38	154
185	577
480	60
470	547
223	589
563	156
495	73
209	15
139	553
142	555
442	36
22	412
28	426
505	519
422	574
249	5
16	204
158	564
400	582
311	599
469	53
535	114
353	595
170	570
123	542
291	1
233	8
323	1
487	534
320	599
542	123
392	585
148	42
336	597
579	190
589	220
473	55
46	141
100	523
564	442
503	520
599	276
318	599
543	475
2	334
364	7
585	393
66	113
533	488
68	110
471	546
500	523
224	10
212	14
492	70
324	599
259	3
360	593
245	594
349	5
306	599
56	474
163	34
164	33
16	204
254	4
295	1
294	599
278	599
228	9
525	102
525	102
147	42
225	10
531	491
146	557
498	525
450	41
376	10
561	447
129	54
50	135
183	576
297	1
342	3
572	174
355	6
547	470
178	574
141	46
131	547
456	556
63	117
469	547
541	122
534	487
163	566
380	589
323	599
553	461
349	5
55	127
251	595
179	26
229	9
58	477
120	60
590	376
21	190
92	516
540	480
22	412
396	16
256	4
520	97
281	1
279	599
64	485
383	588
432	31
599	324
50	135
272	2
357	594
16	396
437	34
499	76
389	586
101	76
298	1
400	18
573	424
31	168
276	599
109	531
311	599
381	588
10	224
535	114
204	584
243	594
42	453
493	529
320	1
61	481
221	11
97	80
10	224
450	559
584	396
552	138
275	598
515	509
374	10
287	599
332	2
162	34
56	126
334	2
106	72
62	482
527	104
126	544
379	589
443	37
286	599
404	581
376	10
84	92
90	86
165	33
419	25
147	42
475	57
178	26
224	590
292	599
450	559
123	542
45	142
408	579
435	33
37	156
331	598
29	428
282	599
318	1
516	92
16	204
375	590
317	1
461	47
485	536
260	597
404	19
275	598
442	36
219	12
448	560
199	18
594	241
26	178
317	1
572	426
470	53
560	151
348	4
77	100
379	11
375	590
518	94
145	556
280	1
570	430
535	486
585	207
318	599
486	65
158	564
6	241
432	31
394	16
457	555
565	160
466	549
528	106
59	478
556	456
540	120
76	499
224	590
212	14
430	570
481	539
61	481
207	15
67	112
545	127
106	72
336	3
496	73
155	38
105	73
448	560
219	12
228	9
286	1
284	1
6	359
521	98
470	53
26	178
347	596
576	183
418	25
371	9
383	588
212	14
139	47
551	464
137	49
448	560
533	488
222	11
481	61
104	527
542	477
547	130
35	440
93	83
261	597
137	49
563	156
575	419
5	354
503	80
73	104
458	555
321	1
430	30
204	16
244	594
183	576
495	527
440	35
26	422
551	136
23	185
98	521
336	3
3	342
348	596
520	503
552	462
526	497
390	586
123	542
455	44
543	125
129	54
6	241
341	3
237	593
39	153
398	583
363	7
401	582
281	1
561	153
180	26
425	28
340	3
401	582
78	501
537	483
581	195
400	18
424	573
401	582
32	166
419	25
499	524
212	14
114	535
225	590
43	146
348	4
420	574
99	78
293	599
329	2
504	81
83	507
176	573
9	228
27	424
582	402
502	79
14	210
515	509
60	120
169	569
549	133
361	7
572	174
40	449
251	595
38	154
507	83
273	2
160	565
167	568
491	531
350	5
341	597
554	141
197	581
122	541
479	60
47	461
58	477
371	591
531	109
185	23
67	112
351	595
90	514
237	7
150	559
345	596
180	26
248	595
114	65
210	586
590	224
155	38
519	505
410	579
102	525
240	593
272	2
70	108
587	387
443	563
210	14
537	117
79	98
3	342
92	516
517	507
246	595
520	97
159	36
49	464
167	32
380	11
469	547
146	43
535	114
20	193
276	599
235	592
258	3
102	75
242	6
295	599
492	530
490	68
327	2
83	93
457	45
379	589
344	596
223	589
547	470
437	566
48	138
11	220
530	108
398	17
54	471
372	591
58	123
6	359
91	515
462	552
146	557
65	114
259	597
208	15
257	596
193	580
441	36
53	130
337	597
38	154
69	491
559	149
198	18
304	1
95	81
564	442
134	51
192	579
82	94
291	599
559	149
309	599
540	120
301	1
437	34
59	122
234	8
102	525
235	592
402	18
150	559
570	170
167	32
487	66
202	583
34	162
56	126
148	42
44	144
359	6
209	15
407	20
370	9
155	38
469	53
67	488
565	160
293	599
458	555
527	104
279	1
187	577
200	18
538	118
446	38
342	597
353	595
329	2
17	399
307	1
560	449
412	22
183	576
439	565
204	584
166	32
333	2
488	67
556	144
148	558
534	487
264	3
409	21
587	387
162	566
547	470
217	588
515	91
521	502
469	53
144	556
536	485
311	599
230	591
134	549
269	2
200	582
328	598
342	597
337	3
586	210
453	558
98	79
275	598
183	576
211	14
370	9
280	599
218	12
505	81
364	593
377	11
167	568
201	17
562	446
455	556
181	25
134	549
497	526
545	127
5	354
549	467
582	402
530	108
393	15
333	2
288	1
117	537
96	81
208	15
475	57
106	528
46	459
354	5
561	447
488	67
422	574
278	1
184	24
475	543
58	123
598	334
184	576
477	58
198	18
217	588
388	14
302	1
354	5
452	558
14	390
173	29
279	1
540	120
540	120
342	597
438	566
232	8
159	564
156	563
70	492
513	511
409	21
437	566
405	19
338	3
52	132
291	1
563	156
514	90
55	127
583	399
572	174
62	118
242	6
86	90
356	6
130	547
334	598
181	575
186	577
231	591
95	519
302	599
375	590
483	63
332	2
347	596
502	79
438	34
19	405
79	502
507	517
593	364
303	1
506	82
118	62
550	465
315	1
19	195
15	207
572	174
582	198
421	574
217	12
578	412
183	24
524	101
432	31
473	55
8	368
287	599
69	491
421	574
269	2
5	354
422	574
314	1
139	553
170	30
312	599
352	595
483	537
473	55
351	5
48	138
78	99
216	588
154	38
438	34
200	18
17	399
177	573
255	596
55	473
61	481
360	7
386	13
570	430
217	588
419	575
1	324
332	598
546	129
42	453
62	482
208	585
314	599
188	22
472	55
452	42
67	488
389	586
485	64
152	560
8	368
530	108
503	80
198	582
208	585
104	73
242	594
329	598
413	23
562	154
25	181
423	27
262	597
274	2
149	41
97	520
475	57
517	507
448	560
136	551
255	596
474	56
252	596
383	12
188	22
512	512
598	334
421	26
53	470
549	467
46	459
49	136
317	1
547	470
318	1
214	587
210	586
186	23
593	236
342	3
206	584
226	590
99	522
345	4
129	54
519	505
476	542
77	500
562	446
206	16
150	559
252	4
357	6
44	144
388	14
443	563
172	571
83	93
44	144
127	55
577	185
143	45
499	524
95	519
535	114
530	108
221	589
471	546
253	4
109	531
579	410
497	526
220	11
0	300
292	599
563	444
302	599
471	54
199	18
325	2
55	127
229	9
357	594
393	585
254	4
57	125
1	324
84	92
482	62
149	41
17	399
145	44
206	16
299	1
116	536
514	90
591	372
297	599
555	458
120	540
506	82
372	9
586	390
32	434
217	588
109	531
133	549
126	56
188	578
537	117
461	553
10	376
578	188
82	506
547	470
247	5
543	125
201	583
425	28
249	595
101	76
557	454
358	6
244	6
285	599
179	574
504	81
177	573
268	598
230	9
384	588
554	141
17	399
245	6
363	593
83	93
115	536
425	28
230	9
249	5
548	132
149	41
135	550
28	426
330	598
382	588
224	10
94	82
179	26
571	428
517	507
82	506
238	593
52	468
306	1
392	585
398	17
445	562
199	18
549	467
480	60
313	1
70	108
245	594
113	66
440	35
1	276
283	599
138	48
203	17
118	62
357	594
382	588
157	37
476	542
178	26
56	474
321	1
373	10
525	102
168	569
72	494
36	442
353	595
36	442
538	482
462	552
204	16
344	4
337	597
459	554
294	599
248	5
235	592
443	37
401	582
283	599
575	181
34	438
8	232
103	74
28	426
94	82
425	28
497	74
391	585
573	424
597	258
252	596
211	586
314	1
381	588
406	20
456	44
295	599
84	508
24	417
246	595
562	446
337	3
476	542
472	55
225	590
451	41
415	23
356	594
159	36
437	566
30	170
207	585
519	505
385	13
50	135
252	596
85	509
135	550
574	178
43	146
522	99
21	190
45	142
523	100
534	113
557	454
454	557
202	17
22	188
340	597
338	3
577	415
581	195
518	506
562	446
298	1
156	37
69	109
235	8
475	57
100	523
497	526
355	6
187	23
327	598
71	493
451	559
530	492
525	498
396	584
300	600
146	43
443	563
497	74
540	120
450	559
179	574
150	559
0	300
79	502
320	1
392	15
249	595
394	16
176	573
452	558
233	8
511	87
554	459
251	5
556	456
26	178
47	461
455	44
218	12
305	1
451	41
498	525
57	125
238	7
379	11
35	160
316	1
28	174
150	41
113	66
168	569
367	8
198	582
544	126
556	144
198	582
70	492
337	3
414	577
82	506
315	1
179	26
530	108
582	402
172	29
215	13
60	480
574	178
59	478
165	33
242	6
530	108
411	578
105	527
548	468
418	575
354	5
282	1
278	1
320	599
374	10
287	1
155	38
571	428
313	599
242	6
593	364
560	151
7	236
22	412
176	27
529	107
245	594
411	22
428	571
112	533
321	599
518	94
449	40
585	207
526	103
27	176
516	508
573	176
494	72
469	53
46	459
580	193
352	5
82	506
121	60
335	3
265	597
321	599
146	43
174	572
540	120
165	567
271	598
21	190
348	4
145	44
241	594
446	562
439	565
211	14
544	474
420	574
2	266
291	599
363	7
395	584
17	201
322	1
415	577
451	559
533	112
173	571
85	91
268	2
493	71
370	591
350	5
153	561
344	4
319	1
256	4
111	68
335	3
64	115
248	595
364	7
101	524
255	596
398	583
434	568
400	18
299	599
254	596
283	599
335	3
76	101
251	595
500	77
107	71
354	595
220	589
84	508
520	503
242	6
9	228
347	4
59	122
299	1
581	195
117	537
371	591
163	566
363	7
455	556
89	513
44	456
474	544
254	596
305	599
179	26
330	2
228	9
585	207
124	58
518	506
493	529
215	13
1	324
305	1
315	599
109	69
546	129
331	2
71	493
366	592
196	19
68	110
185	23
479	540
284	599
149	41
100	523
377	11
51	467
283	599
205	16
595	354
545	473
485	64
475	57
273	2
243	594
403	581
582	198
570	170
574	178
366	8
121	60
571	428
195	581
357	6
321	599
567	164
171	570
347	4
477	542
280	599
411	22
323	1
214	13
156	37
519	505
183	576
230	9
306	599
111	532
345	4
282	1
124	542
46	141
322	599
2	266
157	37
79	502
105	73
541	122
154	38
585	207
361	593
512	512
442	36
18	402
286	599
461	47
560	151
221	11
405	581
22	188
205	584
294	1
41	149
137	551
376	10
281	1
538	118
122	59
480	540
352	5
77	100
430	30
213	13
132	548
497	74
532	490
12	216
273	598
302	1
460	553
458	555
172	571
597	258
249	595
318	1
166	568
52	132
312	1
33	164
7	364
1	276
545	473
334	598
573	176
412	578
570	430
348	4
189	22
391	585
281	599
353	595
158	36
471	54
584	396
166	568
99	78
90	514
264	597
39	447
31	168
64	115
585	393
297	599
360	7
491	69
197	581
580	193
278	1
569	168
98	521
521	502
106	528
534	487
374	10
163	566
97	520
413	23
579	190
255	4
169	31
294	1
162	34
501	78
464	49
238	7
65	486
222	589
562	446
428	571
263	597
526	103
169	31
591	228
108	70
105	73
308	1
171	570
236	7
575	181
202	583
307	599
290	599
145	44
86	510
357	6
63	483
419	575
98	521
515	509
378	589
170	570
438	34
254	4
598	266
317	599
119	539
299	1
465	550
478	541
538	482
423	573
569	432
152	40
152	560
108	530
175	28
71	493
537	117
516	92
421	26
477	542
244	6
402	18
49	464
473	55
282	1
206	16
130	547
559	149
464	551
63	483
599	324
13	387
355	6
312	599
133	51
65	114
451	41
461	47
503	520
174	28
314	599
77	100
421	26
373	590
404	19
175	28
352	595
566	438
47	139
486	535
49	464
38	154
594	359
279	1
599	276
384	588
591	228
368	592
23	415
519	95
578	188
312	599
580	193
503	520
321	599
35	440
518	94
593	236
291	599
485	536
148	558
205	584
571	172
228	591
156	37
199	582
373	10
303	599
575	181
428	29
69	109
339	3
336	597
532	490
60	120
34	162
139	47
111	68
372	591
84	92
344	596
474	544
73	104
576	417
238	593
297	599
559	451
185	23
290	599
372	9
368	592
395	584
56	126
372	591
317	599
588	384
406	580
332	598
210	586
141	46
381	588
522	99
452	558
577	185
17	201
461	47
19	405
187	23
150	559
78	99
418	25
41	451
323	1
329	2
236	7
93	83
448	40
402	18
87	89
127	55
273	598
186	577
410	579
206	584
402	18
122	59
487	66
374	10
114	65
340	597
171	30
161	565
386	587
511	87
443	37
440	565
397	17
41	451
567	164
537	483
375	590
108	530
137	49
112	533
368	8
291	1
244	594
103	526
432	31
355	6
222	589
424	573
578	412
141	554
112	533
167	32
355	594
528	494
258	597
258	3
361	7
121	540
322	1
522	99
37	444
20	407
195	581
386	587
275	598
233	592
552	138
236	7
503	520
594	241
336	3
409	579
280	1
289	599
441	36
327	598
463	49
452	558
31	432
274	598
310	599
427	29
59	122
21	190
330	2
486	65
262	3
528	106
506	82
32	166
501	522
593	236
224	590
200	18
132	548
396	584
117	63
445	38
149	559
526	103
126	544
287	1
192	579
499	76
171	30
435	33
90	86
285	599
140	47
293	599
112	67
525	102
156	563
308	1
426	28
457	45
480	60
195	581
586	210
111	532
142	555
556	456
556	144
326	2
144	556
61	119
270	598
385	13
48	462
492	530
470	547
284	1
595	246
332	2
497	526
247	5
240	7
592	232
48	462
336	597
248	5
405	19
58	477
491	531
389	586
57	475
174	28
3	258
292	599
368	592
463	49
63	117
357	594
531	109
136	551
552	462
551	136
360	7
8	368
543	125
423	573
319	599
253	4
433	32
7	364
185	23
410	579
132	52
280	1
129	546
26	178
73	104
427	571
404	19
228	9
490	532
281	1
570	430
271	598
458	45
440	565
276	1
581	405
266	2
214	13
198	18
401	582
296	599
589	220
508	516
234	8
199	18
424	573
150	41
360	593
363	593
282	1
373	10
35	440
491	69
187	577
413	23
281	599
56	126
44	456
235	8
583	399
186	23
63	117
79	502
60	120
303	1
402	582
304	1
11	380
438	566
386	587
172	29
286	599
533	488
114	535
583	399
189	578
104	73
211	14
72	106
335	597
571	428
67	112
289	599
534	113
148	42
568	434
582	198
173	571
4	348
348	4
370	591
170	570
148	558
88	88
231	9
518	94
410	579
202	17
460	553
393	15
259	3
121	540
294	1
585	207
336	597
309	599
418	25
489	532
267	2
97	520
158	564
580	193
152	560
507	517
525	498
337	597
423	27
40	151
417	576
69	491
318	599
154	38
473	55
295	1
528	494
499	524
42	453
588	216
522	501
297	1
0	300
289	599
210	586
242	6
436	33
447	39
457	555
575	419
284	1
414	23
56	474
218	12
40	151
28	426
459	46
161	565
136	49
277	1
51	133
171	570
289	599
474	56
405	19
431	569
63	117
579	190
230	9
178	26
394	584
264	3
552	462
487	66
419	25
177	573
419	575
582	402
373	590
131	547
287	599
271	598
150	559
467	51
470	53
342	3
589	220
410	21
188	22
350	595
211	14
185	23
216	588
384	588
252	596
116	536
314	1
267	598
461	553
409	579
69	109
578	412
205	16
55	127
28	174
331	598
557	454
545	473
518	94
324	1
274	2
570	430
131	547
438	566
295	1
233	592
54	129
356	6
278	1
44	456
594	241
146	557
501	522
38	154
535	114
535	486
19	195
194	20
437	34
13	387
330	2
215	587
525	498
550	465
363	593
340	597
413	23
286	1
56	126
218	588
74	497
557	146
290	1
511	513
284	1
108	530
249	595
55	473
199	582
5	354
34	438
571	172
550	465
196	581
24	417
331	2
376	10
194	20
285	1
101	524
317	599
142	45
591	372
486	535
216	12
60	480
13	213
53	470
531	491
0	300
489	532
308	599
279	599
33	164
518	94
104	73
27	176
144	44
217	12
478	59
594	241
48	138
66	487
182	25
160	35
149	559
505	519
505	519
211	14
543	125
19	405
84	508
539	481
14	390
244	6
293	1
171	30
381	588
227	590
266	598
16	204
160	565
499	524
319	1
439	565
399	583
374	590
510	86
336	597
395	584
202	583
542	477
479	60
478	59
54	471
422	574
519	505
333	598
67	112
240	7
7	364
31	432
12	384
497	74
551	464
300	0
504	81
221	589
545	127
584	204
157	563
309	1
554	459
575	419
100	523
434	568
288	1
440	565
321	1
16	204
299	1
293	599
506	82
110	532
189	22
54	129
597	342
90	514
412	22
515	509
196	19
64	115
365	8
49	136
553	461
433	32
24	417
129	54
452	558
509	85
408	579
158	564
322	1
211	14
409	21
253	4
293	1
590	224
218	588
324	1
472	55
127	545
395	16
589	380
74	103
183	24
581	405
490	532
272	2
172	571
550	465
416	24
348	596
360	7
172	571
14	390
394	16
263	597
63	483
140	47
287	599
519	95
529	107
86	510
307	1
359	594
295	1
393	15
389	586
226	590
462	48
74	103
299	1
347	596
248	5
531	491
73	104
40	151
343	4
264	597
566	438
417	24
590	376
379	589
52	468
456	556
381	588
261	597
351	5
481	61
579	190
54	129
10	376
192	21
555	142
569	168
359	594
551	136
425	572
195	19
301	1
559	149
292	599
43	146
97	520
243	594
76	499
561	447
256	596
298	1
250	5
184	24
360	7
188	578
300	0
117	537
180	574
66	487
576	417
55	473
151	560
215	587
437	34
391	15
309	1
547	130
103	526
191	579
215	587
492	530
506	82
381	12
445	562
284	599
132	548
406	20
27	424
512	88
204	16
533	112
526	103
373	10
407	580
171	30
230	9
75	498
143	45
54	129
180	574
139	553
172	571
268	2
450	41
170	30
197	581
174	28
295	1
158	36
381	12
24	183
378	589
269	598
64	485
373	590
148	42
35	440
229	591
156	37
265	3
66	113
219	588
376	590
517	93
97	80
21	410
401	582
104	73
455	556
432	31
597	258
371	591
182	25
26	422
51	133
314	1
434	32
178	574
276	599
577	185
233	592
588	216
299	599
562	446
419	25
412	22
91	85
235	8
266	2
543	125
229	9
194	580
416	24
39	447
185	23
378	589
525	102
118	62
209	15
141	554
143	555
39	153
411	578
449	40
89	87
41	451
437	34
149	559
63	117
341	597
241	6
531	491
470	547
173	571
96	519
148	42
430	570
253	4
65	114
162	566
217	12
52	132
272	2
598	334
147	558
129	546
273	598
40	449
369	591
343	4
12	384
325	598
28	174
459	554
248	5
368	592
181	25
458	45
154	38
67	488
112	533
118	538
460	47
180	26
491	531
208	585
401	582
99	522
77	100
428	571
188	22
112	67
241	594
594	241
542	477
383	588
362	7
480	60
319	1
421	26
126	544
203	17
386	13
49	464
286	599
501	522
11	380
502	521
113	534
197	581
81	505
141	554
438	34
20	407
414	577
149	41
496	527
212	14
404	19
301	1
217	588
377	11
223	11
70	108
90	86
65	114
151	560
323	599
286	1
125	57
404	19
570	170
548	132
96	519
458	555
593	364
196	19
236	593
13	213
59	478
142	45
58	477
507	517
139	47
216	588
344	4
526	103
326	2
62	482
410	21
281	1
243	6
386	587
227	10
424	573
395	16
507	83
290	599
586	210
26	178
551	136
144	556
440	565
542	123
283	1
262	3
165	33
293	599
191	21
561	447
445	38
33	164
4	348
40	449
400	582
165	567
359	594
553	139
333	598
278	599
269	2
281	599
385	587
284	599
511	87
83	93
312	1
304	1
597	258
77	100
184	24
454	557
44	144
520	503
219	12
514	90
26	178
158	564
370	9
420	26
86	510
60	120
580	407
269	2
562	154
423	573
135	550
258	597
155	562
64	485
307	599
494	528
133	549
538	118
388	586
169	569
200	582
72	106
78	99
277	599
440	35
578	188
120	60
452	558
246	595
302	1
220	11
301	1
482	538
576	417
394	16
95	519
498	75
596	348
10	376
98	79
505	81
464	49
57	475
506	82
523	500
597	342
408	21
533	112
45	142
301	1
97	80
57	475
279	1
19	405
483	537
177	573
187	577
112	67
219	12
551	464
493	71
346	596
35	440
280	1
298	599
588	216
213	587
541	478
219	12
362	7
214	13
542	123
465	550
395	584
69	109
183	24
24	417
288	1
322	599
132	548
389	586
553	461
473	55
166	32
34	438
124	58
487	66
117	537
351	595
55	127
361	593
21	410
232	592
547	130
513	89
339	3
347	596
193	580
250	595
111	532
496	527
286	599
537	117
402	582
553	139
544	126
172	29
430	570
377	11
559	149
596	348
427	29
255	4
439	565
380	11
29	172
546	471
395	584
113	534
200	18
475	543
337	3
209	15
455	44
424	27
362	7
38	154
478	541
285	1
584	396
114	535
125	57
226	10
151	560
531	491
549	467
250	595
470	53
582	402
266	598
415	23
125	57
4	348
393	15
73	104
398	583
569	432
17	399
350	5
367	8
122	541
428	29
552	462
100	77
508	516
332	598
364	593
414	23
58	477
472	55
255	4
328	598
509	85
422	574
329	598
238	7
243	6
144	44
355	6
494	72
394	584
41	451
266	2
272	598
43	146
295	599
115	536
336	597
505	81
64	115
495	527
200	582
537	483
158	36
158	564
328	598
130	53
389	14
213	587
336	597
548	132
257	596
378	11
506	518
594	241
267	598
148	42
18	402
90	514
587	213
261	3
471	546
321	1
332	2
33	164
385	13
41	149
140	553
494	72
426	572
476	58
163	566
28	174
575	181
287	599
33	436
356	594
382	588
338	597
58	123
539	481
408	579
149	41
475	57
581	405
405	19
282	1
531	109
308	1
260	597
287	599
69	109
80	97
90	514
538	482
114	65
101	76
264	597
61	119
409	579
42	453
167	32
497	74
369	9
278	1
428	571
524	499
19	195
507	83
94	518
421	574
402	18
325	598
213	13
164	567
564	158
305	1
499	76
5	246
328	2
96	81
164	33
275	598
455	44
35	160
223	11
142	45
132	52
94	82
372	591
599	276
334	598
87	511
61	481
241	594
227	10
21	190
247	5
384	588
204	584
491	531
288	1
474	544
446	38
188	22
312	1
570	170
540	480
166	32
361	593
2	334
7	364
473	55
281	599
478	541
104	73
223	11
397	583
221	11
50	465
59	478
525	102
409	21
458	555
52	468
429	30
371	9
193	20
576	183
47	461
522	99
470	547
91	515
395	584
315	1
117	537
416	24
224	590
239	7
220	589
36	442
314	599
57	475
331	2
207	15
572	174
167	32
121	540
219	588
469	53
591	228
339	597
141	554
317	599
113	66
286	1
561	153
230	9
496	527
178	574
409	21
301	599
106	72
359	6
300	0
143	45
181	575
312	1
200	18
318	599
178	574
468	548
322	599
324	1
556	144
282	1
193	20
213	587
39	447
210	14
569	432
30	430
539	481
416	576
596	252
234	8
375	10
458	45
416	576
393	585
368	8
15	393
149	41
520	97
177	573
271	2
373	10
62	482
323	599
119	61
301	1
74	103
20	407
340	597
536	485
272	2
57	125
364	7
160	565
67	488
398	17
402	18
270	2
441	36
433	568
393	15
191	579
500	77
516	92
245	6
471	546
21	190
82	506
15	393
62	118
569	432
567	164
207	585
160	565
30	430
386	13
241	594
14	390
396	16
341	597
411	22
439	565
229	9
64	485
595	246
124	58
479	540
555	458
378	11
389	14
278	1
98	79
445	562
598	266
572	426
168	569
232	592
582	198
435	33
335	3
555	458
52	132
272	598
580	407
391	15
226	590
415	577
317	1
7	364
52	468
499	524
276	1
201	17
583	399
444	37
235	8
268	598
20	193
152	560
7	364
170	570
516	92
333	598
494	528
237	593
107	71
162	34
571	172
547	130
414	577
211	586
47	461
267	2
199	18
52	468
287	1
190	21
374	590
554	459
274	2
121	540
39	447
503	80
161	565
168	569
344	596
245	594
215	13
186	577
425	572
431	31
241	6
217	12
156	37
581	405
13	213
472	545
300	600
150	41
92	84
117	63
15	393
453	558
105	527
102	525
238	593
14	210
537	483
261	3
82	506
247	595
362	593
238	7
14	390
442	36
30	430
110	68
169	569
311	599
431	31
235	8
210	14
12	384
194	580
488	533
164	33
414	577
38	154
279	599
441	564
183	576
356	6
62	482
97	80
440	35
358	6
437	34
234	8
301	599
369	9
340	597
94	82
174	28
60	480
447	39
506	82
273	598
417	24
35	160
203	583
139	47
249	5
96	519
256	596
78	99
138	552
358	6
253	596
585	393
218	588
242	6
380	11
469	53
282	1
400	582
323	599
36	442
533	488
120	60
170	30
562	154
56	474
466	51
147	42
422	26
594	359
220	589
258	3
23	415
395	584
88	88
557	146
240	7
534	487
0	300
411	22
598	334
248	5
60	480
358	6
158	564
496	527
272	598
506	82
298	599
95	81
441	36
181	25
315	1
303	599
598	266
199	582
29	428
390	14
256	4
25	181
63	483
129	54
68	110
576	417
570	430
291	599
245	594
192	21
95	81
541	478
556	144
442	36
339	597
533	488
242	6
472	545
429	30
513	511
498	525
182	25
4	348
234	592
473	55
345	596
138	552
132	548
488	533
473	55
509	85
290	1
342	597
464	551
163	34
564	158
359	6
537	483
259	597
354	595
66	487
140	47
360	7
47	139
540	480
318	1
87	511
320	599
31	168
283	599
357	594
509	515
472	55
374	10
267	598
493	529
250	595
157	37
252	4
315	1
437	566
447	39
435	33
325	2
19	405
327	2
384	588
313	1
319	599
152	40
65	486
151	40
14	390
592	232
146	43
228	591
39	447
279	1
327	2
59	478
372	591
135	50
455	44
547	470
377	589
459	46
409	21
445	38
426	572
577	185
247	5
349	595
102	525
546	129
287	1
350	5
416	24
151	560
414	23
360	7
58	477
51	133
29	428
99	78
433	568
101	76
566	438
291	599
222	11
404	581
406	580
523	100
321	1
283	599
546	129
148	558
518	506
332	598
403	581
317	599
377	11
438	566
180	574
49	136
499	524
49	464
520	97
390	586
268	2
527	104
206	584
226	10
288	599
579	190
255	596
542	123
189	578
2	334
180	574
149	559
553	461
94	82
522	501
307	1
101	524
87	89
231	591
191	21
550	465
490	68
452	558
387	13
480	60
268	598
154	562
49	136
59	478
70	492
503	520
357	6
8	232
528	494
416	576
447	39
251	595
47	139
206	584
456	556
80	503
272	2
307	1
473	545
39	447
172	29
108	70
145	44
329	2
53	130
318	1
13	213
242	594
53	470
378	11
480	540
79	502
523	100
66	113
482	538
591	228
270	598
220	11
114	535
12	216
425	28
380	11
455	44
40	151
560	449
587	213
56	474
394	16
343	4
116	536
80	503
376	10
495	73
523	500
126	544
237	7
74	497
70	492
86	510
434	32
436	33
574	422
395	584
501	78
82	94
420	574
7	364
367	8
364	593
542	477
262	597
23	415
372	591
321	1
345	4
410	579
485	64
518	506
318	599
196	19
535	486
495	527
74	103
214	13
471	54
584	204
97	80
528	494
313	1
552	462
450	559
61	119
592	368
207	585
421	26
411	578
305	599
239	593
126	56
114	535
214	587
205	584
81	505
18	402
6	359
351	595
277	599
575	419
559	149
126	56
571	428
518	506
479	540
475	57
454	43
23	415
91	515
490	532
547	470
578	412
176	573
355	594
360	593
564	442
296	599
62	118
246	595
33	164
106	72
356	594
328	2
273	598
244	594
499	524
186	577
549	133
314	599
64	485
413	577
488	67
486	535
115	64
487	534
512	88
335	597
328	2
29	428
491	531
92	84
387	13
539	481
557	454
504	519
425	572
40	449
166	568
141	46
362	593
141	554
590	224
531	109
507	83
476	58
67	112
232	592
222	11
506	518
351	595
446	38
394	584
303	599
20	193
562	446
271	598
42	147
321	599
200	582
504	81
255	596
372	591
242	594
552	138
219	12
311	1
432	31
455	556
468	548
509	515
71	107
229	9
299	1
99	78
508	516
435	33
35	440
377	11
280	599
446	562
401	18
48	138
107	529
389	586
387	13
460	553
250	5
504	519
195	581
449	560
338	3
265	3
419	25
136	49
236	7
348	596
368	8
464	49
353	5
88	512
289	599
70	108
253	4
293	599
287	1
184	24
54	471
125	57
532	110
443	37
388	586
501	522
22	412
82	506
112	67
410	21
10	376
272	2
478	541
135	550
67	112
218	588
61	119
339	3
2	334
415	577
563	156
29	428
189	578
113	534
547	130
594	359
130	547
108	70
208	585
218	12
570	170
244	6
145	556
416	24
304	599
312	1
53	130
504	519
257	4
203	17
582	402
313	1
252	596
119	61
552	462
355	6
545	473
410	21
288	599
287	599
492	530
122	541
366	8
508	516
592	368
210	586
77	100
285	1
597	342
509	85
184	576
45	142
132	548
495	527
349	595
269	2
343	4
369	591
59	122
178	26
460	553
20	193
333	2
570	430
569	432
146	557
310	1
501	78
86	510
537	117
60	480
477	58
120	60
9	228
495	527
504	81
290	599
339	597
192	21
475	543
203	17
362	7
172	29
534	113
220	11
123	58
569	168
60	120
1	276
150	41
413	23
457	45
325	598
116	64
252	596
196	19
288	1
128	55
464	49
28	174
442	564
176	573
264	3
477	58
198	18
531	109
171	30
226	10
322	599
59	122
292	1
521	502
251	5
378	589
509	85
236	7
203	17
430	570
157	37
508	516
77	100
54	129
100	523
470	53
236	7
268	598
300	0
423	573
81	95
322	599
95	519
361	7
300	0
503	80
469	547
254	4
384	588
265	597
245	594
41	451
217	12
267	598
264	597
450	41
574	422
286	599
403	19
360	593
185	577
416	24
435	33
358	594
395	584
586	390
344	596
280	599
323	1
347	596
124	58
365	8
390	586
304	599
203	17
444	563
525	498
54	129
35	160
337	597
284	1
51	133
467	549
550	135
46	459
18	402
21	190
436	567
4	252
85	91
573	424
322	599
429	30
419	25
313	1
322	1
213	13
185	23
544	126
88	88
480	60
162	34
373	10
468	52
213	587
385	13
180	574
69	491
517	507
36	442
25	419
501	78
546	129
344	596
413	23
313	1
114	535
401	18
2	334
40	151
84	92
304	1
507	83
281	1
408	21
53	130
7	236
543	125
521	502
396	16
557	454
254	4
99	78
121	540
551	464
484	64
262	597
174	572
89	513
299	599
195	581
17	399
376	10
251	595
155	562
569	168
252	596
402	582
125	57
543	125
248	5
21	410
359	594
39	447
159	36
118	538
553	139
478	541
582	198
166	32
223	589
523	100
263	3
465	550
317	1
568	166
545	473
22	412
522	99
375	590
562	446
270	598
423	27
103	74
599	324
579	190
175	572
454	557
536	485
8	232
559	149
110	68
231	9
300	0
68	490
490	68
439	565
448	560
425	572
367	592
326	598
166	568
232	592
325	2
13	387
538	482
318	1
158	36
252	4
474	544
289	599
467	51
457	45
191	579
411	578
108	530
519	95
420	26
582	198
262	3
81	95
323	599
111	68
427	29
86	90
293	599
253	4
504	519
187	577
368	592
536	115
248	5
183	576
200	18
252	4
43	146
376	10
568	434
357	594
275	2
392	15
448	40
499	76
331	598
315	1
470	547
173	571
256	596
448	560
391	15
231	591
546	129
198	582
13	387
389	14
521	98
582	402
399	583
431	569
561	447
589	220
54	471
445	562
96	81
552	138
164	33
506	518
581	195
319	599
292	1
291	1
481	539
52	132
479	540
383	12
503	520
411	22
91	515
406	20
324	1
362	593
19	405
363	593
401	18
351	5
572	426
387	13
150	41
574	422
363	593
285	1
335	597
475	57
169	569
121	60
544	474
441	36
9	372
499	524
290	1
563	444
326	2
272	598
349	5
185	577
271	2
37	444
582	198
431	31
157	37
469	53
328	598
228	591
353	5
401	582
356	594
246	5
176	573
543	475
75	102
296	1
584	204
541	478
136	551
253	4
50	465
340	597
216	588
588	384
32	166
215	13
235	592
596	348
46	459
507	517
354	595
558	147
194	580
399	17
448	40
488	67
253	596
235	8
276	1
126	544
521	502
18	402
491	531
377	11
170	30
249	595
119	539
41	149
56	474
551	136
124	58
596	252
185	23
581	405
295	599
95	81
264	3
357	594
159	36
9	372
99	522
229	9
70	492
349	595
494	72
483	63
503	80
485	536
362	7
47	139
535	114
193	20
266	2
430	570
253	596
488	67
82	506
434	32
459	554
428	571
0	300
349	595
564	158
336	3
469	53
413	23
342	597
122	59
338	597
414	23
263	3
427	571
213	13
421	574
82	94
355	6
75	498
185	577
305	599
207	15
197	581
346	596
65	114
317	599
325	598
572	174
563	444
340	3
440	35
42	147
215	13
159	564
579	410
237	593
8	368
88	88
71	107
43	454
492	70
102	75
502	79
338	3
555	458
273	598
189	578
525	498
573	176
67	112
274	2
202	583
46	459
598	266
446	562
4	252
108	70
114	535
338	3
413	577
36	442
453	558
219	588
345	4
362	593
306	599
111	68
231	591
383	588
261	3
598	266
393	15
531	491
299	599
356	594
272	2
546	471
124	542
323	1
282	1
552	138
115	64
171	570
454	43
256	596
33	164
124	542
573	176
294	599
183	24
312	1
576	417
577	185
547	130
267	2
438	566
245	6
103	74
500	523
428	29
99	522
159	36
243	594
572	174
384	12
105	73
43	454
361	7
581	195
444	37
527	496
119	61
259	3
443	563
542	123
325	598
548	468
81	505
504	81
140	553
255	596
277	599
448	40
14	390
426	28
5	354
498	525
593	364
63	483
196	581
76	499
268	598
257	596
573	424
438	34
119	539
262	597
319	599
115	536
52	468
508	84
329	2
432	31
266	2
29	428
108	530
338	3
470	547
461	553
334	598
34	438
257	4
8	368
67	112
129	54
7	364
567	164
91	85
174	28
268	598
273	598
65	114
204	584
318	1
483	537
248	5
502	79
456	44
123	58
277	1
254	596
130	547
334	598
298	599
527	104
115	536
23	185
358	594
319	599
521	98
321	599
207	15
345	596
78	501
145	556
594	241
324	599
562	154
559	451
391	15
79	98
533	488
483	537
151	40
7	236
227	590
121	540
55	473
236	7
559	451
591	228
101	76
546	129
147	42
316	1
471	54
595	246
564	158
257	596
161	565
207	15
328	598
457	555
237	593
149	41
144	556
137	49
514	510
1	276
536	485
74	497
207	585
582	402
212	586
332	598
150	41
83	93
227	590
275	598
379	589
496	527
437	566
556	144
293	1
383	588
526	497
549	467
497	526
117	537
394	584
114	65
372	9
192	579
585	393
196	581
311	599
512	512
58	123
154	562
514	90
7	364
521	502
137	49
59	478
483	63
578	412
221	11
222	589
505	81
501	522
136	49
276	1
1	276
114	535
199	18
381	588
126	56
316	599
426	572
136	551
341	3
104	73
147	42
263	3
210	14
444	37
395	584
438	34
184	576
2	334
241	594
91	515
55	473
324	1
556	144
77	100
197	19
423	573
358	594
246	595
232	8
530	492
401	582
122	59
496	73
246	5
227	590
326	2
567	164
277	1
99	78
68	110
554	459
300	600
67	488
588	216
78	501
370	9
318	1
250	595
245	594
569	168
65	486
132	52
129	546
234	592
75	498
10	376
222	589
331	598
462	552
214	13
265	597
330	598
21	190
556	144
172	571
80	97
478	541
288	599
217	12
208	585
423	573
108	530
437	34
551	136
475	57
73	104
348	4
379	11
340	3
506	82
465	50
14	210
559	451
78	99
292	1
538	482
229	9
245	6
211	586
117	537
438	34
119	539
340	3
508	84
501	78
298	1
166	568
232	592
217	588
163	34
205	16
102	525
335	3
585	207
149	559
464	49
363	593
358	6
156	563
319	599
246	595
559	149
162	566
218	588
558	453
185	577
121	60
502	521
235	592
4	348
558	147
277	599
109	531
353	5
560	151
392	15
113	534
69	109
494	72
40	449
483	537
582	198
331	598
502	521
427	29
586	210
211	586
368	592
282	1
125	57
509	85
229	9
267	2
345	596
248	595
309	1
356	594
492	530
96	81
355	6
108	70
520	97
591	372
453	558
356	594
284	1
254	596
312	1
24	417
541	122
332	598
302	1
293	1
409	579
538	118
585	393
290	1
400	18
279	599
351	5
561	447
595	246
368	8
198	582
196	19
215	13
68	110
438	566
314	1
472	55
48	462
60	480
33	436
272	2
38	446
307	1
587	387
31	168
197	19
538	118
243	6
410	21
230	9
2	334
575	419
174	28
147	42
39	447
573	176
43	454
128	55
20	407
55	127
195	19
292	1
401	18
105	527
250	595
398	17
590	224
7	236
181	575
521	502
271	2
306	1
133	549
338	3
111	68
193	20
3	342
591	228
454	43
418	575
299	1
503	80
142	45
296	1
195	19
102	525
319	599
355	6
282	599
367	592
328	598
46	459
475	57
106	528
183	576
233	8
81	95
133	51
293	599
148	558
514	90
13	387
220	589
278	599
22	188
244	594
250	595
439	565
367	592
1	276
366	8
52	132
489	68
37	444
423	27
17	201
280	1
82	506
2	334
22	412
430	30
348	4
194	20
595	246
348	596
73	496
255	596
581	195
365	8
498	525
578	412
9	228
440	35
2	334
556	144
526	103
93	83
555	458
284	599
509	515
348	596
222	11
592	368
434	32
547	470
193	20
512	88
345	4
534	487
264	597
23	415
403	581
390	14
46	141
307	1
385	587
141	554
579	190
531	491
21	410
134	51
461	553
230	591
117	537
495	527
48	462
551	136
521	502
599	324
184	24
220	589
314	599
522	501
380	11
60	120
475	543
298	599
339	3
247	595
369	9
29	428
15	207
552	462
493	71
284	1
54	471
483	63
342	597
103	74
581	405
528	494
16	204
243	6
477	542
528	106
209	15
270	598
521	502
373	590
417	576
55	473
427	571
108	70
255	596
304	599
131	547
211	14
264	597
350	5
186	577
373	590
281	1
437	566
432	569
442	564
258	3
517	93
532	490
226	590
154	562
226	590
226	590
529	493
63	117
53	130
211	14
305	1
53	130
38	446
162	566
61	481
547	130
139	47
251	5
281	599
68	110
151	560
341	3
373	10
185	23
366	8
238	593
281	1
585	393
221	11
355	6
104	527
370	591
36	158
175	572
423	27
527	104
437	34
216	588
172	571
426	572
348	4
575	181
577	415
264	3
174	572
238	593
216	12
250	5
468	52
537	117
534	487
104	527
383	588
591	372
1	276
589	380
307	1
561	153
116	64
304	599
557	146
383	588
568	434
502	79
415	577
143	45
26	178
155	562
393	15
48	138
466	549
256	596
191	21
464	49
519	505
267	2
599	276
331	2
221	11
124	542
329	2
245	6
288	599
355	6
311	599
212	586
208	15
493	529
220	11
345	4
37	156
254	4
487	66
413	577
323	599
286	1
126	56
102	75
572	174
270	2
445	562
313	1
330	2
257	4
519	95
319	1
372	591
29	172
481	61
306	1
141	46
33	164
83	507
582	402
282	599
7	364
280	1
386	13
346	4
425	28
418	575
310	1
206	16
580	193
113	66
229	9
24	417
226	10
179	26
522	99
141	554
489	68
58	123
12	216
517	93
175	572
323	1
443	563
95	519
143	555
291	1
298	1
463	551
243	6
466	51
45	142
122	541
482	538
369	9
370	9
102	75
344	596
37	444
193	580
365	592
2	334
587	387
566	438
392	585
81	505
148	558
203	17
597	258
76	101
48	462
24	183
578	188
288	599
172	29
85	91
297	1
449	40
342	3
140	47
597	342
544	126
565	440
353	595
1	276
580	407
523	500
275	2
253	596
515	91
244	594
514	510
2	334
480	60
430	30
33	164
250	5
59	122
81	505
451	559
27	424
70	108
286	599
143	45
27	424
172	29
410	579
237	593
114	65
330	2
473	545
168	569
461	553
368	8
509	85
75	498
518	94
342	597
214	587
502	521
303	599
305	599
160	565
409	579
118	538
429	30
138	552
589	380
455	44
82	506
267	598
159	564
304	1
176	573
149	559
278	1
357	594
373	10
364	593
282	599
466	51
515	91
45	142
37	156
215	13
532	110
153	39
491	69
370	591
208	585
545	127
315	599
91	85
331	2
57	125
5	246
1	324
370	9
519	505
91	515
391	585
484	536
210	586
378	11
547	470
10	376
557	454
320	1
595	246
280	1
259	597
373	590
352	595
444	563
370	591
204	16
44	144
132	548
498	525
32	166
53	470
466	51
205	584
33	164
114	65
273	2
246	5
334	598
514	510
62	482
196	19
411	22
194	20
361	7
21	410
170	30
517	93
571	428
293	599
107	529
547	130
336	3
350	595
509	85
244	594
348	4
367	8
252	596
388	586
407	20
8	232
323	599
470	53
131	547
81	95
385	587
163	34
410	579
152	40
590	376
162	566
522	99
409	21
444	563
567	164
210	14
381	12
88	88
150	559
164	33
518	506
168	569
558	147
291	1
471	54
380	589
256	596
100	523
477	542
262	3
206	584
574	422
50	465
300	600
70	492
316	1
591	228
34	438
215	13
255	4
230	591
51	133
145	556
446	38
88	88
599	276
566	162
279	599
90	514
75	102
269	2
285	1
271	598
566	438
555	458
74	103
83	93
127	545
393	585
203	583
188	578
410	579
347	596
145	44
233	8
522	501
21	190
244	6
76	499
54	471
198	582
159	36
58	477
421	26
494	528
241	594
79	98
243	6
513	89
240	7
155	38
12	216
107	529
581	405
145	556
366	592
19	405
420	26
405	19
513	89
26	178
322	599
219	12
359	6
123	542
295	1
173	29
470	53
322	599
484	536
259	3
362	7
103	526
476	542
33	436
238	7
114	535
36	158
198	582
218	12
486	535
572	174
385	587
235	8
31	432
53	470
180	574
399	17
101	76
586	210
83	507
192	579
297	1
409	579
539	481
134	51
357	594
569	432
469	547
31	168
462	48
195	581
154	38
345	4
531	491
443	37
390	586
419	25
436	567
326	2
494	72
289	599
413	577
299	599
484	536
63	117
194	20
444	37
152	40
467	51
483	63
188	578
390	586
420	26
311	1
335	3
156	563
39	153
386	587
503	520
426	28
118	538
296	599
435	567
249	5
409	579
473	545
319	599
567	436
55	127
381	588
304	1
599	324
107	529
151	40
207	585
275	598
441	36
292	1
171	30
187	577
167	32
50	465
585	393
85	509
255	596
139	47
413	577
421	26
361	593
185	577
560	151
11	380
483	537
137	49
26	178
306	599
66	113
186	23
334	598
156	563
536	485
293	599
402	18
33	164
430	570
284	599
542	477
23	185
344	596
476	542
474	56
488	67
478	541
389	586
466	549
225	590
271	2
574	178
251	595
591	228
101	76
91	515
293	1
465	50
13	213
153	39
96	81
355	6
334	2
598	334
417	24
294	599
7	364
179	26
276	1
235	8
98	521
187	23
168	31
231	9
93	83
547	130
288	599
173	571
62	482
386	587
486	535
401	18
548	468
0	300
336	597
457	555
162	34
248	595
589	380
516	508
269	598
279	599
518	94
268	2
227	10
356	6
255	4
477	542
283	599
16	396
77	100
181	25
545	127
453	42
238	593
340	3
128	545
585	207
110	68
363	593
168	569
394	16
334	2
439	565
367	592
136	551
325	2
532	110
457	555
215	587
561	153
19	405
451	559
500	77
316	1
190	21
185	23
213	13
105	527
337	597
317	1
460	47
269	2
249	5
537	483
322	599
64	485
294	599
361	7
173	29
251	5
554	141
123	542
508	516
50	465
384	588
504	519
127	55
553	139
552	462
66	487
433	32
321	1
55	473
14	210
336	3
241	594
321	1
401	18
41	149
326	598
129	546
148	558
534	113
325	2
549	467
162	566
241	594
326	2
572	174
119	61
56	474
121	540
137	551
296	1
105	527
513	511
151	560
518	94
557	146
293	1
292	599
517	93
454	557
340	597
184	576
311	599
538	118
46	141
36	158
115	536
351	5
111	68
182	575
442	36
567	436
309	599
377	11
549	133
219	588
359	6
375	10
114	65
522	501
5	246
432	31
270	2
352	5
532	110
426	28
66	487
321	599
249	5
545	473
225	590
85	91
555	142
373	10
389	586
211	14
243	594
41	149
462	552
128	545
508	516
359	6
365	8
342	3
349	5
470	53
578	188
552	462
548	468
582	402
227	10
258	597
138	48
241	594
183	576
363	593
115	64
377	589
212	14
364	7
76	499
406	580
246	595
199	582
397	583
231	591
441	564
482	62
295	1
109	69
451	559
324	1
509	85
285	1
549	133
476	58
204	584
372	9
169	569
63	483
428	571
66	113
138	552
392	585
438	34
554	141
416	24
480	540
525	102
214	13
467	51
125	57
311	599
228	591
237	593
492	530
475	543
301	1
139	47
392	585
203	17
570	430
586	390
522	501
1	276
40	449
235	592
81	95
155	38
19	405
25	419
49	464
408	579
419	25
39	447
30	430
209	15
179	574
572	426
119	539
35	160
343	596
280	599
293	599
66	113
283	1
494	528
427	29
29	172
376	10
562	446
349	5
70	108
264	3
466	51
251	595
544	474
143	555
79	502
220	11
249	5
490	532
298	599
541	478
399	583
249	5
449	560
570	170
213	13
422	26
185	577
361	593
157	563
404	581
99	522
196	19
124	542
42	147
425	572
564	442
90	514
512	512
599	276
384	12
65	114
415	577
436	33
230	591
36	442
235	8
400	582
262	3
63	117
57	125
550	135
436	33
411	22
475	543
41	451
12	384
488	67
240	7
64	485
478	59
58	123
222	11
427	571
313	1
174	572
162	566
413	23
81	505
556	456
220	589
354	5
538	118
20	193
302	1
104	73
300	600
507	517
435	567
71	107
535	114
525	498
266	598
490	68
78	99
449	40
1	276
78	99
558	147
386	587
548	132
536	115
453	42
282	1
109	69
377	11
197	581
215	13
491	69
34	162
72	494
480	540
469	53
18	198
243	6
598	266
358	594
125	543
597	342
173	29
344	4
52	468
366	592
146	557
355	6
473	545
154	38
300	600
341	597
329	598
230	591
132	548
248	5
418	25
375	10
487	66
377	589
540	480
63	483
328	598
428	571
74	497
545	127
168	569
27	176
560	151
122	59
488	533
374	10
91	515
112	533
3	342
538	118
486	535
524	101
583	201
412	578
257	596
465	550
346	4
404	581
226	590
508	516
182	575
461	553
133	549
340	3
231	9
473	55
269	2
376	590
249	5
502	521
379	11
366	592
444	37
101	524
123	542
208	585
82	506
415	23
140	47
134	549
493	71
376	10
70	108
65	486
579	410
134	51
171	30
443	37
220	11
313	599
144	556
321	1
0	300
178	574
195	581
59	122
98	79
181	575
268	598
432	569
17	399
113	66
293	1
44	456
572	426
260	597
124	58
364	593
499	524
401	18
214	587
190	21
362	7
483	537
419	575
108	530
503	80
185	23
550	465
143	45
401	18
354	5
444	37
357	6
201	583
168	31
465	550
453	42
306	599
567	436
256	4
103	526
577	415
276	599
146	557
126	56
495	527
143	555
195	581
583	201
348	596
595	354
505	81
257	596
500	523
91	515
174	572
157	37
27	176
493	71
283	599
342	597
194	580
312	1
277	1
127	545
593	236
359	6
58	477
225	590
92	84
405	19
186	23
148	42
441	36
200	582
199	582
58	123
134	51
359	594
399	17
569	168
260	597
518	94
335	597
479	540
432	31
271	2
327	2
46	141
478	59
233	8
522	501
143	45
454	557
362	593
548	132
56	126
305	599
214	13
516	508
72	106
419	25
303	1
65	486
39	153
24	417
100	523
519	95
289	599
352	5
212	14
489	532
273	598
388	14
106	528
566	438
512	512
504	81
568	166
157	563
197	19
297	1
45	142
194	580
563	444
583	399
473	55
1	276
168	31
201	583
286	599
552	462
98	79
325	2
406	580
319	599
250	595
39	447
145	556
552	138
218	588
526	497
285	599
416	576
152	560
356	594
142	45
366	592
451	41
220	589
214	587
193	580
578	412
316	1
355	594
452	558
306	1
330	2
421	26
547	470
54	471
225	590
430	570
437	34
390	14
299	1
242	6
377	11
42	453
293	599
55	473
555	458
470	53
288	1
243	594
550	135
118	538
140	553
555	458
192	21
312	1
36	442
64	485
203	17
438	34
134	549
345	4
400	18
227	10
322	599
69	109
35	440
283	599
400	18
271	2
372	591
165	567
364	7
346	4
562	446
186	23
59	478
269	2
215	587
29	172
269	2
534	113
64	485
178	26
90	514
320	599
484	536
432	569
439	35
454	557
450	41
497	74
80	97
15	393
517	507
279	1
229	591
58	477
153	561
286	1
295	599
201	17
460	47
359	594
273	598
447	561
104	527
528	106
257	4
172	571
293	599
566	162
174	572
117	537
337	597
165	567
585	393
526	103
65	114
171	30
70	492
562	446
399	17
3	258
162	566
430	570
572	426
197	19
420	26
460	553
116	64
505	81
445	38
11	220
39	447
259	3
26	178
249	595
547	130
381	12
438	566
531	109
325	598
362	593
586	210
393	585
407	580
342	597
31	168
501	78
560	449
393	15
208	585
426	572
249	5
91	85
443	37
446	562
508	516
535	486
414	23
194	20
157	37
97	520
51	467
318	1
82	506
314	1
278	1
47	461
205	16
264	3
299	599
595	246
86	510
216	588
227	590
106	528
195	581
214	13
93	83
164	567
233	8
337	597
486	65
590	376
417	576
273	2
380	589
343	4
438	34
458	45
252	4
204	584
124	58
401	18
169	569
482	538
560	151
139	47
182	25
98	79
172	571
26	422
544	126
68	490
265	3
481	539
438	566
47	461
196	581
405	19
563	156
76	499
171	570
28	426
240	593
104	527
287	599
423	27
220	11
112	67
506	82
17	201
574	178
300	600
0	300
479	60
382	12
390	586
119	61
159	564
537	483
394	16
512	88
555	142
516	508
477	58
461	47
53	470
54	471
184	576
219	588
194	580
520	503
52	132
143	45
217	12
5	246
325	598
578	188
227	590
308	599
577	415
247	595
306	599
211	14
64	115
89	513
299	599
123	542
211	14
256	4
430	30
544	126
310	1
554	459
66	487
336	597
519	95
179	574
179	26
473	545
591	228
351	595
422	26
124	58
550	465
221	11
233	8
542	123
560	151
515	91
109	531
220	11
556	144
142	45
366	592
148	558
9	228
593	364
455	556
216	588
448	40
234	592
55	127
75	498
463	551
546	471
112	67
11	220
106	72
499	76
276	599
495	527
194	580
330	2
497	526
49	464
255	4
204	16
476	542
595	246
591	372
122	59
407	20
187	23
95	519
238	7
172	29
192	21
14	210
478	59
176	27
276	1
174	28
478	59
243	6
161	35
276	1
471	546
325	598
446	562
477	58
548	468
360	593
522	501
33	436
225	590
130	547
405	19
546	471
116	64
401	582
459	554
483	537
566	162
558	147
98	521
66	487
329	2
253	596
192	579
264	3
584	396
313	599
472	545
405	581
459	554
546	471
43	454
366	592
538	482
152	40
433	32
89	87
447	561
38	446
167	568
37	444
591	372
162	566
392	15
293	1
159	36
449	560
455	556
187	23
528	494
365	592
312	599
574	422
12	216
160	35
548	132
502	521
105	73
136	551
155	38
460	553
531	109
475	57
273	2
533	112
67	488
338	3
131	547
94	518
356	6
167	32
241	594
302	1
74	103
376	10
547	470
456	556
283	599
491	531
118	62
224	10
423	27
202	583
486	65
331	2
330	2
310	1
355	594
441	564
30	170
534	487
150	41
212	586
419	25
39	447
186	577
416	576
201	17
218	12
181	25
587	213
594	359
323	599
222	589
548	468
434	32
253	596
478	59
477	58
360	593
241	594
161	35
474	56
292	1
198	18
396	584
329	2
505	519
31	432
430	570
1	276
202	583
394	16
49	464
573	424
142	555
373	590
191	579
64	115
77	100
289	599
167	568
537	483
514	510
73	104
167	32
414	577
33	436
105	527
233	592
514	90
536	485
520	97
328	598
264	3
495	73
376	590
449	560
599	324
418	575
75	102
389	14
493	529
571	428
77	100
283	1
518	94
186	577
398	583
16	396
21	190
351	595
71	107
96	81
599	324
491	531
81	505
371	9
292	599
325	2
451	41
155	562
87	89
329	2
251	5
474	56
547	130
336	3
217	12
142	45
357	594
4	252
385	587
335	597
174	572
42	147
415	577
445	562
296	599
32	166
482	62
260	597
310	599
598	334
147	42
593	236
158	564
127	55
557	454
595	354
64	115
126	56
188	22
133	549
285	599
51	467
544	126
216	588
562	446
525	102
257	596
131	53
133	549
208	585
201	583
581	195
116	536
246	595
463	49
478	541
427	29
167	32
368	8
323	1
452	42
19	405
414	577
1	276
134	549
163	34
171	30
399	583
432	31
29	428
380	11
478	59
324	1
87	511
311	1
122	541
334	2
433	32
191	579
15	207
101	524
469	547
389	586
550	465
78	501
8	232
382	12
479	540
142	555
184	24
369	9
239	593
174	572
309	1
39	447
505	519
238	593
514	510
291	599
590	376
348	4
546	129
306	1
151	560
387	13
85	509
186	577
87	511
471	546
474	56
340	3
339	3
173	571
76	499
115	536
515	91
501	522
312	599
107	529
160	35
553	461
514	90
213	587
118	538
597	258
85	509
583	201
505	519
263	3
346	4
22	412
97	80
573	424
597	342
335	3
359	594
59	478
420	26
558	453
352	5
116	536
33	436
175	28
159	36
558	453
53	130
515	91
492	70
417	576
469	547
151	40
129	54
518	506
63	117
411	22
256	4
281	1
291	1
238	7
560	151
304	599
483	537
220	11
528	106
467	549
173	571
586	210
520	503
244	594
197	19
174	572
52	132
238	7
382	588
273	2
354	5
536	485
176	573
534	113
248	595
49	464
120	540
202	17
121	60
187	23
452	558
540	480
367	592
473	55
38	154
124	542
143	555
178	574
134	549
93	517
218	12
486	535
514	510
28	426
168	31
157	37
400	18
384	12
68	110
165	33
24	183
250	595
68	110
187	577
476	58
124	542
464	49
558	453
336	3
60	120
560	449
232	8
340	597
223	589
248	5
134	549
495	73
48	462
510	86
29	172
251	5
48	138
231	591
533	112
390	586
429	30
599	324
439	35
268	598
173	571
488	67
176	573
191	21
145	556
511	513
334	598
153	39
356	594
124	542
71	493
230	591
500	77
264	3
238	7
541	478
93	517
150	41
224	590
549	133
178	26
324	599
104	73
578	412
230	591
465	50
49	464
295	599
164	33
110	68
218	588
458	555
196	19
487	534
224	10
509	515
191	21
513	89
209	585
289	1
95	519
395	16
37	156
346	4
578	188
222	589
45	142
112	67
198	582
63	117
430	570
169	569
332	598
402	18
548	468
354	5
270	598
278	1
177	573
109	69
498	75
13	213
85	91
466	51
318	599
522	501
53	470
568	434
364	7
506	518
222	11
281	1
237	593
502	79
400	18
188	578
391	585
245	6
261	3
452	558
433	568
404	19
489	532
195	581
267	2
319	1
49	464
28	426
465	550
134	549
470	547
577	415
270	2
195	581
145	556
347	596
123	542
128	545
246	595
568	166
367	8
348	596
435	33
348	596
557	454
580	193
63	483
378	589
435	33
595	354
285	599
466	51
79	98
244	594
400	582
371	591
498	75
124	58
110	68
479	540
399	583
91	85
303	1
187	577
346	596
57	125
165	33
573	424
394	16
539	119
411	578
318	1
233	8
285	599
264	3
120	60
176	573
166	32
499	76
183	24
198	18
73	104
198	582
385	587
312	599
360	7
556	144
120	60
319	1
121	540
68	110
420	574
295	599
19	405
38	154
467	51
131	547
311	599
98	79
122	541
532	110
8	232
14	390
194	20
313	1
549	467
94	518
534	487
478	541
484	536
531	491
25	181
199	18
478	59
303	1
107	529
3	258
336	597
437	34
290	1
283	599
253	4
339	3
34	438
210	14
278	1
208	15
248	595
300	0
284	599
56	126
208	15
169	569
562	446
477	58
68	110
400	582
141	554
485	536
389	14
102	75
461	553
369	9
385	13
447	561
107	71
545	473
189	578
65	114
195	581
570	430
115	536
157	563
273	598
218	12
147	42
111	532
501	78
176	27
538	482
227	10
185	23
158	564
504	81
216	12
287	599
544	474
195	581
414	23
261	3
469	547
422	26
89	87
434	568
122	59
255	596
461	47
296	599
580	193
122	59
377	11
474	56
492	530
224	590
478	59
45	458
290	599
557	146
407	20
440	565
180	26
555	142
497	526
197	19
229	9
337	3
433	32
8	368
9	372
319	599
378	11
412	578
533	112
289	1
246	5
243	594
105	73
202	17
554	459
292	1
111	68
488	67
44	144
428	29
139	47
36	442
230	591
528	106
362	593
520	97
338	597
190	21
61	119
120	60
309	1
417	24
173	571
548	468
326	598
412	22
294	1
178	574
189	578
499	524
285	1
205	16
22	188
463	551
372	591
547	130
374	590
480	540
235	592
208	15
210	586
82	506
134	549
341	597
124	542
227	10
355	594
301	1
127	545
552	462
250	595
76	101
512	512
61	119
53	130
352	595
525	102
84	508
415	577
434	568
327	2
170	570
231	9
219	588
241	594
471	546
203	17
505	81
112	67
364	7
415	577
537	117
290	599
412	578
45	458
20	407
249	595
485	536
540	480
444	563
111	532
430	570
316	1
53	470
337	3
536	115
478	541
222	11
158	36
567	436
221	11
359	6
79	98
384	588
185	23
411	578
198	582
306	599
120	540
245	594
177	573
127	545
436	567
332	598
53	470
417	24
258	597
504	519
133	549
207	585
375	590
292	599
354	5
471	546
418	25
260	597
298	599
27	176
415	23
86	510
315	599
374	10
152	40
43	146
542	123
222	11
91	85
300	0
486	65
505	519
376	10
598	334
320	599
490	68
306	1
264	3
331	2
130	53
51	133
162	566
415	577
89	513
362	7
86	510
159	564
436	33
486	535
72	106
8	232
486	65
297	1
23	185
282	1
265	597
391	585
395	584
19	405
491	69
166	568
71	493
201	17
396	16
118	62
494	72
86	90
388	14
400	18
63	483
227	10
263	597
145	44
242	6
376	590
306	599
149	41
10	376
159	36
469	547
398	583
450	41
558	147
592	368
364	7
338	3
339	3
392	585
243	594
178	26
239	7
505	81
522	501
195	19
542	123
402	582
496	73
91	85
515	91
214	587
567	436
567	164
550	465
591	372
355	6
279	599
199	582
371	591
73	104
103	526
593	236
441	36
330	598
514	90
146	43
26	178
447	39
343	596
471	54
394	584
380	589
342	3
234	592
205	584
455	44
393	585
358	6
60	480
543	475
45	142
318	599
416	24
511	513
232	592
99	78
379	11
266	2
514	90
165	33
556	144
134	549
46	141
535	114
241	594
19	405
215	13
437	566
91	85
227	10
341	597
86	510
71	493
529	107
528	106
580	193
226	10
332	598
529	493
208	15
354	5
218	12
413	577
56	474
257	596
519	95
403	19
475	543
579	410
453	558
331	598
338	3
204	584
411	22
446	562
334	2
244	6
585	207
298	1
574	178
573	176
103	74
93	83
295	599
9	372
243	6
231	9
555	142
446	562
457	45
138	552
237	593
459	46
554	459
587	387
185	23
154	562
368	8
8	232
534	113
542	123
542	477
393	585
37	444
596	252
361	593
88	512
425	572
539	119
307	599
555	458
502	521
37	156
220	589
479	540
419	575
166	568
425	28
524	101
306	1
513	89
488	67
557	454
109	531
296	1
279	599
590	376
8	232
402	18
329	598
198	18
67	488
436	33
146	557
349	595
351	5
435	33
112	533
500	523
94	82
206	16
578	188
393	15
308	599
254	596
458	45
378	11
442	564
534	487
12	216
495	73
471	546
133	549
519	505
74	497
15	393
344	4
192	579
215	13
310	1
91	515
499	76
318	1
3	258
391	15
4	252
566	438
183	24
522	501
535	114
129	546
309	1
276	1
14	210
581	195
474	56
526	103
545	473
63	483
275	598
194	580
532	490
199	18
179	574
111	68
78	501
184	576
124	542
588	384
6	241
62	118
475	543
554	459
78	99
72	494
342	597
477	542
194	20
445	562
287	599
537	483
519	505
536	485
63	483
438	566
126	544
286	1
85	91
589	380
16	396
157	563
407	580
402	18
209	585
525	102
598	334
570	170
382	588
112	67
419	575
92	516
249	5
146	557
382	588
554	141
121	60
363	593
387	587
30	170
244	6
474	56
188	22
327	598
504	81
145	556
284	599
267	598
499	524
237	593
160	565
68	490
303	599
549	133
182	25
77	500
42	453
112	67
455	44
468	52
463	49
593	364
222	589
71	493
128	545
204	584
375	590
569	168
205	16
200	582
459	554
316	1
76	499
36	158
497	74
509	515
593	364
299	599
44	144
204	16
500	523
2	266
441	36
347	4
568	166
23	415
423	573
453	558
199	18
401	18
14	390
542	123
345	4
20	193
354	595
150	559
316	1
339	597
168	31
95	519
90	514
46	459
397	17
564	158
32	166
572	426
4	252
395	584
354	5
207	15
150	559
521	98
322	1
516	508
40	449
2	266
209	585
106	72
547	130
95	519
1	276
120	60
269	2
295	599
491	531
57	125
442	36
305	599
532	110
593	364
287	1
110	68
471	546
102	75
354	5
321	1
552	138
169	31
69	491
112	67
213	587
213	13
379	589
218	588
77	100
380	11
455	556
592	368
234	8
119	539
97	80
477	58
304	599
260	3
98	79
264	3
565	440
95	81
340	597
543	475
1	276
171	30
60	120
500	523
413	23
336	597
466	549
1	324
517	93
252	596
142	555
53	130
576	417
412	578
138	48
550	465
60	120
426	572
196	581
221	11
236	593
141	554
442	36
575	181
412	578
542	477
125	57
97	520
49	464
359	6
177	573
169	31
467	51
236	7
25	419
593	236
220	589
139	47
124	542
61	119
511	87
37	444
269	598
169	31
443	563
108	530
284	1
173	571
456	44
85	91
71	493
563	156
287	599
5	354
238	7
565	160
12	216
14	390
55	473
225	590
173	29
528	494
344	4
102	525
225	10
58	123
500	77
222	589
307	1
336	597
121	540
388	586
286	599
460	553
250	5
405	581
520	97
495	527
48	138
440	35
105	527
22	412
393	15
384	588
386	587
367	592
588	216
238	593
489	68
291	1
16	396
225	10
369	9
19	405
410	21
455	44
108	530
581	195
117	63
427	571
482	62
55	473
401	18
143	555
193	580
48	462
462	48
313	1
237	7
43	454
336	597
511	513
558	453
436	33
186	577
492	70
94	82
386	13
541	478
291	1
122	59
374	590
408	579
24	417
174	572
384	588
406	20
276	1
91	515
263	597
365	8
287	599
403	581
567	436
475	57
470	547
24	417
121	60
545	127
196	581
50	465
400	18
578	188
426	572
432	569
416	24
218	12
297	599
491	531
71	493
128	55
395	584
24	183
478	541
70	492
176	573
300	0
511	87
493	529
308	599
159	564
45	458
548	468
59	478
332	598
433	568
248	5
168	31
229	9
96	81
50	465
223	589
88	88
367	8
302	1
200	18
238	7
370	591
584	396
28	426
136	551
78	501
174	28
23	185
467	549
316	599
219	12
486	65
515	91
111	68
583	201
512	512
584	396
330	598
353	5
127	545
261	3
468	548
7	236
526	103
470	53
5	246
450	559
585	393
263	3
560	151
157	563
114	65
553	139
353	595
108	530
520	503
166	568
238	593
71	493
295	599
290	1
0	300
574	422
77	500
146	43
80	97
532	490
184	24
214	587
580	193
285	1
322	1
247	595
17	201
81	95
319	1
563	156
384	12
209	585
580	193
150	559
355	594
119	61
335	3
489	68
318	599
312	599
451	41
261	597
424	27
306	1
362	593
110	68
505	519
432	569
35	160
129	54
20	193
475	543
163	566
32	434
252	596
560	449
541	478
18	402
336	597
94	82
364	593
373	10
456	44
174	572
205	584
582	402
599	276
483	63
184	576
173	29
377	11
186	23
358	6
28	174
268	598
168	569
409	21
598	266
96	81
160	35
192	579
338	3
569	432
412	578
130	547
462	552
193	580
513	511
136	49
270	598
544	474
205	584
453	42
260	597
246	5
314	1
311	599
39	153
213	13
538	118
333	2
454	43
521	502
274	598
552	138
444	563
177	573
593	236
236	7
363	593
365	8
400	582
53	130
459	46
151	40
57	475
428	29
161	565
84	508
217	12
322	599
154	562
482	538
191	579
273	598
55	127
449	560
93	83
560	151
224	590
172	29
396	16
341	3
52	132
7	364
585	207
402	582
300	0
448	40
596	252
242	6
509	515
575	419
237	593
506	518
188	22
31	432
248	5
243	594
449	560
469	53
167	568
188	22
407	20
46	459
52	468
409	579
0	300
458	555
78	99
273	598
234	8
101	76
440	565
329	2
486	65
2	334
503	520
484	536
37	156
304	1
154	38
292	599
187	23
591	228
122	541
271	2
246	595
241	6
17	201
444	563
14	390
371	591
573	176
269	598
348	596
459	46
323	1
109	531
220	589
417	24
486	65
105	527
405	581
72	106
23	185
200	582
157	563
499	524
452	558
381	12
311	599
474	56
347	596
65	486
134	51
236	593
173	29
331	2
593	236
508	84
45	142
250	5
79	98
143	555
16	204
494	72
194	20
186	577
5	354
92	516
150	41
269	2
28	426
561	447
400	18
164	567
336	597
124	542
296	599
386	13
599	276
62	482
41	451
318	1
518	506
2	334
550	135
287	1
271	2
415	577
461	47
1	276
436	33
387	587
237	593
312	1
75	102
375	10
280	599