268	120
204	209
473	394
305	28
167	261
338	113
200	481
392	338
268	435
348	280
472	358
351	288
354	453
282	53
383	444
433	289
320	351
135	474
282	122
346	475
315	411
314	371
298	61
403	293
480	410
190	337
272	195
340	129
209	459
300	92
362	121
295	94
366	194
333	271
410	268
374	130
292	224
350	240
250	408
284	145
177	388
249	290
255	322
292	71
322	415
328	288
174	308
110	425
163	261
405	258
323	417
215	345
286	239
382	503
198	248
399	314
405	273
262	89
432	234
242	512
262	186
195	428
524	419
316	30
570	503
339	109
235	141
194	284
444	514
368	181
535	481
325	247
293	405
470	427
276	91
194	395
288	241
257	425
177	501
302	7
392	271
542	438
234	352
314	116
182	430
265	367
160	258
358	278
431	423
483	422
258	135
271	102
367	159
257	244
310	84
241	190
223	158
391	164
280	105
313	57
166	254
299	437
276	491
310	306
139	294
283	79
360	353
232	128
253	313
383	279
90	374
219	353
165	314
300	213
287	132
219	194
511	488
249	223
562	510
329	118
72	468
474	506
334	81
321	149
344	125
96	507
244	248
446	458
81	396
427	245
193	309
345	174
289	42
214	189
145	287
340	215
248	171
425	391
411	455
205	375
351	159
515	415
325	90
199	451
350	228
23	494
254	180
254	201
422	327
280	96
295	39
203	266
507	489
305	26
300	48
57	475
267	468
211	354
328	363
284	119
435	242
265	265
488	327
250	298
310	64
377	366
268	423
353	164
211	378
264	260
169	234
250	245
411	308
477	442
412	381
298	5
90	396
270	293
409	190
274	155
300	255
289	216
304	170
259	332
258	440
276	116
181	373
290	74
217	444
481	398
241	151
216	374
350	88
367	152
307	164
464	308
299	3
191	337
338	94
336	504
148	393
311	201
314	108
224	394
322	396
384	245
458	424
446	369
230	219
315	29
432	297
325	496
533	435
121	499
307	28
224	272
152	283
171	237
278	82
431	383
299	49
254	96
302	181
301	76
121	486
363	166
246	153
247	132
302	9
336	111
325	125
244	351
127	515
305	16
344	95
297	513
323	80
325	153
369	294
329	79
258	111
102	345
451	309
300	236
381	364
478	323
62	441
292	80
320	306
283	374
266	183
5	518
168	430
282	227
260	239
295	54
261	219
296	54
430	267
300	8
234	203
179	440
303	102
100	519
356	252
388	313
45	449
217	350
296	9
246	157
121	430
271	169
300	4
52	502
120	391
318	51
60	463
278	107
301	46
174	246
305	379
381	259
326	187
319	510
289	316
285	204
438	357
286	88
72	455
300	27
247	200
313	112
299	339
109	398
307	209
300	272
220	477
302	12
273	56
316	31
270	205
226	293
194	392
344	284
403	285
312	143
303	296
400	249
277	311
186	238
259	73
125	475
391	190
353	186
295	78
133	314
250	146
181	234
331	59
520	384
263	108
249	448
213	292
307	28
76	516
294	40
171	381
215	380
89	378
85	462
320	190
377	213
493	453
273	88
337	232
352	197
314	123
290	26
340	180
581	495
304	216
351	114
252	196
308	175
310	37
257	153
395	343
391	248
234	159
271	55
308	57
444	384
330	63
533	497
338	176
233	324
231	345
448	259
300	3
291	223
290	97
277	199
329	61
519	399
355	143
53	439
459	286
291	261
379	494
525	440
213	309
249	319
310	274
533	432
279	448
272	98
531	480
296	80
191	217
365	165
346	519
291	40
235	125
262	106
300	5
84	468
332	447
282	104
334	91
300	2
595	514
220	430
415	261
304	28
148	354
296	241
275	438
103	497
153	321
362	378
299	8
479	327
313	50
199	407
206	167
49	483
133	380
300	114
330	288
306	113
278	85
352	260
318	37
230	183
193	372
301	43
227	325
452	484
268	74
280	301
321	42
287	25
192	483
446	442
114	463
159	293
444	421
364	350
249	267
417	384
307	280
408	229
326	47
262	114
267	92
344	412
506	378
460	449
434	373
337	375
210	262
348	517
313	61
343	250
293	428
165	502
300	397
339	96
356	188
390	442
191	518
337	273
206	175
471	403
259	114
276	248
273	189
62	485
460	438
287	38
301	257
449	392
87	462
355	144
291	143
320	54
269	133
136	286
309	120
361	321
294	17
341	223
107	474
157	370
155	280
302	8
162	294
300	11
288	392
230	380
209	207
314	35
275	131
158	432
465	505
300	2
403	506
378	345
277	44
488	509
125	464
412	375
283	45
281	112
312	84
278	206
331	252
326	315
263	358
351	347
329	479
292	157
297	35
297	39
407	202
147	363
239	107
277	270
289	273
295	15
444	451
336	108
219	150
211	360
227	151
353	248
158	351
325	356
369	505
166	388
300	38
359	114
420	510
384	298
225	159
181	231
247	234
346	213
293	293
362	231
318	347
337	263
272	98
303	37
562	487
311	38
85	507
368	214
428	330
149	287
156	372
192	344
11	507
372	205
566	519
142	279
192	303
286	509
440	374
239	161
331	196
291	22
290	135
314	58
230	143
157	447
281	36
284	40
238	390
177	335
307	15
239	504
267	76
400	249
309	360
292	96
478	453
304	17
241	430
246	115
241	433
181	281
329	76
201	247
540	446
308	15
451	453
546	460
290	39
511	379
158	391
292	49
292	43
310	137
238	239
291	39
369	266
301	119
305	26
283	103
408	377
285	262
166	347
327	326
223	282
396	512
492	500
288	461
402	443
238	397
283	363
265	195
312	231
169	349
158	518
392	211
293	15
257	126
467	500
407	324
292	45
250	118
303	25
397	343
328	324
330	278
274	494
425	504
316	121
329	53
228	193
337	161
183	236
292	20
427	249
296	62
250	138
320	465
304	51
318	252
338	302
338	374
178	338
259	184
172	234
402	243
277	482
260	118
351	410
343	374
168	383
238	455
342	98
242	102
225	193
318	326
233	205
273	76
199	313
507	425
309	494
328	368
480	377
183	342
424	370
240	332
430	237
118	519
295	42
321	153
219	206
192	453
269	192
179	515
267	335
168	290
300	2
309	22
224	164
137	300
303	145
115	435
233	330
319	209
353	229
39	455
308	54
344	105
121	376
138	510
63	442
274	48
305	385
288	79
352	149
284	73
308	114
175	245
293	271
288	79
159	283
368	120
273	49
395	500
511	506
291	151
239	159
234	154
280	65
348	140
289	360
489	347
156	406
284	219
217	203
573	487
480	378
304	35
295	399
272	148
297	22
296	25
132	301
361	254
306	205
369	145
313	61
427	344
360	367
561	456
370	127
230	124
292	16
301	17
273	435
279	322
202	455
211	250
324	69
254	85
249	121
331	364
138	351
186	416
229	166
343	101
263	161
357	414
383	203
309	17
204	250
349	112
196	345
245	246
296	132
249	183
357	305
334	187
303	83
209	235
391	217
345	165
151	371
66	470
206	260
260	402
294	15
333	357
246	508
300	363
400	312
136	328
303	279
337	187
113	328
316	272
286	433
300	2
136	307
290	76
331	213
268	280
505	448
321	112
418	358
345	110
375	190
227	219
280	78
247	223
113	411
306	373
279	85
284	332
231	310
321	104
454	274
335	147
300	1
300	20
324	80
138	348
300	2
328	92
336	76
241	262
345	80
68	468
267	441
295	140
335	243
261	73
230	267
319	86
236	201
423	455
248	119
364	242
256	81
502	407
58	421
254	327
101	433
322	457
525	463
379	190
438	311
392	232
417	290
167	268
318	103
120	396
245	171
317	78
298	11
321	112
271	301
245	302
260	435
282	70
315	284
438	311
236	296
284	81
306	19
212	251
323	51
113	486
360	153
388	377
289	22
260	230
251	146
188	481
388	359
386	352
262	117
256	131
290	23
268	84
211	272
311	416
309	374
285	32
328	253
375	401
259	431
466	338
217	415
253	138
341	113
245	255
459	283
275	117
467	388
297	16
285	93
277	297
314	237
218	148
359	512
379	408
108	432
327	80
318	455
352	133
273	186
537	435
249	269
295	13
224	357
276	341
256	132
350	407
307	318
211	166
405	216
294	53
197	491
277	441
365	124
227	187
206	229
537	423
242	118
442	405
182	231
313	39
284	420
262	333
353	106
384	157
190	338
336	101
485	420
412	238
143	306
295	30
206	382
359	137
439	500
227	145
333	235
340	446
296	311
191	265
375	133
302	19
346	461
341	291
302	110
388	464
185	409
282	128
287	35
503	513
343	115
152	321
341	306
319	50
534	479
299	45
182	395
446	405
175	253
327	106
230	142
192	257
251	91
158	284
378	326
309	261
271	72
339	169
320	99
261	125
383	299
295	14
214	356
344	231
249	164
295	45
191	352
302	18
97	379
337	119
301	146
421	247
294	17
127	389
429	235
345	143
366	126
310	377
353	213
282	99
299	343
171	327
296	73
286	29
220	144
293	298
187	252
367	232
239	312
222	283
351	311
374	158
504	474
294	25
347	304
312	383
140	412
366	496
308	57
314	54
425	260
272	83
251	212
284	250
264	187
337	374
397	170
153	501
470	454
185	209
320	139
395	186
258	451
223	209
275	93
253	383
301	227
357	183
275	79
250	113
432	343
258	89
289	29
345	159
191	360
431	412
80	459
399	195
304	9
267	207
429	433
212	500
349	254
336	200
305	49
334	416
312	39
320	108
295	14
334	61
260	108
315	435
286	101
288	149
508	396
271	86
292	22
293	18
443	267
267	459
272	101
281	389
515	418
266	81
230	388
300	2
227	204
37	466
299	6
139	451
306	281
307	19
302	9
179	230
301	77
223	202
257	140
293	28
171	228
284	32
258	187
304	218
398	311
473	349
104	469
367	483
491	366
300	217
287	394
294	54
354	206
64	428
185	377
307	48
111	410
210	397
286	253
343	326
303	11
226	216
220	364
261	70
293	83
297	511
92	498
280	106
315	500
67	515
285	63
246	128
364	133
319	50
260	152
306	48
431	462
299	16
300	13
303	187
376	269
232	505
296	378
207	496
223	177
50	453
203	220
267	315
149	452
305	435
332	362
109	435
349	170
289	119
207	474
298	287
337	303
551	515
225	304
294	500
298	36
294	56
340	496
296	96
476	362
313	77
302	67
312	81
288	28
296	406
258	191
305	145
357	364
313	168
267	250
371	286
319	82
244	116
210	517
260	148
267	79
368	137
472	435
399	320
348	90
196	230
415	438
267	59
450	337
121	519
390	442
280	85
301	61
303	11
182	271
330	248
331	80
399	261
296	22
386	168
211	310
268	273
297	247
161	484
449	504
327	104
257	81
361	341
401	187
549	507
263	199
296	20
393	241
175	240
313	288
326	115
269	390
101	416
266	65
223	187
288	132
300	2
428	265
204	290
294	24
303	490
295	48
417	488
300	2
212	233
301	86
412	333
303	158
253	209
318	257
293	190
499	357
334	191
253	118
295	91
261	204
204	384
93	427
290	32
415	222
319	42
304	15
203	461
261	106
318	51
308	134
309	168
149	432
170	255
323	73
228	338
58	490
382	226
266	89
370	137
480	348
347	397
288	94
253	123
453	316
279	239
283	435
151	319
199	322
320	93
252	134
140	391
300	136
278	61
295	11
453	277
251	178
235	149
326	125
376	142
280	298
295	24
316	47
237	262
432	237
176	478
306	15
225	222
255	112
252	340
471	494
293	14
350	164
275	472
389	404
250	261
302	17
216	380
215	186
276	307
234	183
320	370
309	17
312	108
575	480
83	435
375	343
63	448
329	127
286	80
297	82
280	214
503	445
160	276
496	442
312	51
252	513
135	333
238	124
289	54
348	229
262	79
349	289
244	455
269	142
242	227
262	203
362	147
361	319
525	470
315	29
177	282
289	120
252	164
319	61
160	265
390	371
333	382
541	468
283	62
276	390
301	65
164	470
237	196
142	356
287	35
167	440
467	487
308	17
392	215
442	394
104	381
253	285
261	265
315	149
309	86
404	228
481	427
363	240
395	175
329	62
470	304
164	479
379	448
326	313
222	399
184	289
175	254
172	363
294	312
190	369
387	392
423	403
238	235
422	220
315	252
444	326
127	329
376	422
286	214
479	470
363	228
412	449
282	425
243	455
167	269
226	439
281	100
490	370
313	50
216	423
270	117
145	308
267	349
86	493
344	274
279	411
361	174
337	68
278	206
474	311
541	451
570	508
180	235
348	162
275	85
500	408
421	322
427	496
371	228
490	420
306	27
400	227
325	190
291	36
324	59
332	57
502	381
234	448
343	136
352	93
294	98
479	505
278	117
291	106
301	263
295	325
156	348
276	64
373	293
211	448
235	377
302	12
461	283
385	298
289	447
303	53
237	196
414	414
261	125
219	316
344	86
410	320
31	518
556	504
369	279
414	336
260	109
392	398
284	84
107	346
298	22
185	310
305	12
292	255
300	129
194	206
266	313
302	218
146	353
284	37
308	70
316	253
209	220
378	149
146	449
413	284
452	296
293	250
265	105
122	387
141	503
414	240
223	477
302	29
527	477
273	416
367	177
182	417
258	149
465	386
324	399
367	178
379	185
381	212
242	261
144	273
237	400
232	238
562	474
347	103
354	272
358	161
115	503
396	340
273	89
457	371
204	225
266	151
335	264
362	426
238	295
373	131
167	254
469	312
252	149
269	250
250	339
304	18
330	104
336	214
256	240
297	80
312	83
85	377
301	317
200	309
496	362
310	270
315	280
293	26
125	481
79	474
300	11
387	252
402	261
356	416
309	30
441	432
412	446
372	198
243	327
372	258
112	395
244	410
399	276
69	404
114	493
119	459
308	112
217	330
249	118
376	491
363	237
406	247
206	186
346	268
328	206
308	86
285	153
298	174
268	67
257	106
329	77
346	474
318	39
338	251
115	425
314	252
331	269
66	468
297	20
313	58
179	288
339	298
208	304
326	410
388	405
151	438
572	505
359	432
143	343
271	170
354	119
342	131
266	105
298	119
201	442
322	450
195	465
199	340
339	102
135	306
256	128
340	211
306	212
229	205
391	177
232	488
279	212
335	270
286	234
302	10
301	94
304	71
452	414
300	7
296	12
184	489
329	92
207	353
299	4
300	40
289	28
360	145
241	138
171	362
348	315
257	379
399	485
514	378
338	156
404	482
185	364
58	478
178	344
356	505
206	354
379	439
287	348
177	280
160	503
304	293
308	23
394	497
319	35
279	96
354	430
368	222
311	133
319	282
411	239
281	251
308	218
382	145
395	446
262	474
294	13
225	240
310	49
255	242
480	326
246	293
258	93
351	319
383	389
308	19
111	413
227	256
333	229
506	452
519	429
234	205
399	485
320	331
213	198
162	498
274	108
105	497
299	42
283	57
319	129
349	424
273	123
302	190
138	369
422	337
282	70
482	475
266	177
120	501
132	412
432	486
293	26
315	170
396	375
319	356
305	173
202	187
336	248
281	432
228	452
331	379
278	439
319	135
101	404
208	408
270	240
466	349
257	82
318	265
411	501
288	52
204	336
432	447
496	350
195	187
360	342
331	84
315	60
339	254
365	236
298	104
369	207
294	20
375	244
348	274
457	308
277	130
303	38
324	43
463	324
524	487
279	248
367	161
325	102
95	400
158	319
307	444
508	451
300	344
182	514
475	340
261	362
233	326
443	335
372	201
367	190
257	150
578	507
103	429
194	454
324	188
287	176
191	319
279	76
355	192
463	341
289	57
480	372
275	254
339	141
313	125
282	256
468	295
325	53
300	24
246	317
404	234
362	142
311	167
468	390
257	78
288	86
339	261
181	267
221	427
292	26
381	273
289	413
281	94
308	58
380	143
332	487
101	461
315	74
372	159
294	438
320	403
449	354
368	255
199	494
323	89
297	28
302	8
271	416
399	496
353	422
276	324
307	172
29	485
283	121
296	57
274	119
269	88
313	26
497	411
493	446
428	246
299	8
282	381
301	7
224	191
308	342
313	94
175	390
265	74
524	394
273	224
453	271
415	213
510	398
360	269
278	195
213	212
336	123
325	52
277	58
302	248
336	320
357	205
298	17
313	97
382	452
171	485
336	255
334	488
511	448
181	394
430	280
467	473
165	381
312	106
472	305
294	222
61	421
284	31
62	514
132	310
256	242
228	317
351	375
250	387
70	455
424	353
73	466
261	121
308	155
328	332
254	114
294	66
387	167
300	32
387	217
239	182
304	370
225	145
267	255
347	97
256	339
284	73
294	306
314	38
184	394
256	236
148	304
79	432
420	221
289	26
251	426
449	342
386	365
300	10
275	470
64	507
381	253
218	481
289	196
317	105
304	202
300	1
428	262
428	253
497	396
410	244
296	267
330	92
339	245
358	288
128	332
268	332
196	324
293	28
450	403
301	17
267	203
134	468
307	22
236	513
280	341
303	27
279	129
180	229
344	101
267	139
398	434
253	228
300	15
287	41
244	380
312	40
390	185
302	340
76	513
382	237
341	191
352	194
178	326
354	136
314	192
251	210
184	216
217	171
194	318
191	339
296	429
303	75
167	233
272	155
299	102
136	374
275	350
367	154
300	7
289	236
218	437
88	486
300	1
315	32
268	300
179	242
329	177
204	202
276	52
291	54
378	426
246	313
239	362
364	196
172	250
165	323
201	256
506	442
316	253
298	164
282	197
300	390
261	277
368	507
152	308
289	48
433	414
450	319
330	145
305	87
384	418
313	36
54	462
100	410
386	484
560	464
285	78
324	353
220	329
329	246
535	423
167	426
223	316
193	228
297	93
278	137
292	79
151	325
391	302
113	488
251	313
309	25
553	502
415	442
338	87
302	55
339	72
353	269
303	68
194	190
168	370
432	410
224	187
307	61
267	62
370	461
198	313
288	100
272	94
299	17
184	335
458	295
319	207
338	67
264	181
370	288
389	183
181	254
190	409
283	409
415	222
423	449
198	302
468	339
330	368
203	431
484	405
294	190
340	282
548	502
302	252
56	435
345	222
314	27
329	162
345	107
114	384
273	255
228	150
328	219
244	332
219	228
321	96
444	269
268	196
279	366
159	418
303	452
298	480
301	6
270	332
236	307
416	229
443	313
289	25
298	304
436	470
287	151
318	105
191	461
244	174
355	107
180	249
216	225
107	502
242	490
155	390
473	468
409	397
315	53
168	289
328	102
309	54
277	207
40	480
285	137
293	15
312	144
159	442
228	401
273	49
199	302
153	362
242	300
344	331
263	106
304	17
222	300
162	341
301	355
308	62
224	384
282	423
333	71
241	229
353	246
261	175
234	155
155	262
268	462
357	211
569	514
225	145
302	58
345	261
156	483
387	153
302	80
309	448
300	38
229	175
212	176
385	301
550	461
247	241
269	74
517	491
371	393
283	40
301	9
343	291
477	339
309	17
285	240
369	379
313	64
240	369
211	454
305	54
307	31
298	54
395	350
228	369
347	453
209	172
178	327
410	393
409	354
140	304
252	453
308	45
422	478
312	228
202	229
311	463
238	180
259	519
238	124
325	200
432	338
352	125
325	193
266	230
312	42
171	300
309	102
475	451
296	153
348	193
116	380
468	317
209	232
135	482
259	368
371	396
270	280
364	345
314	86
320	290
204	474
408	196
370	222
161	291
315	474
290	237
328	293
156	332
298	24
289	62
519	417
319	230
396	498
177	218
288	140
365	116
281	365
297	345
227	320
247	121
317	43
300	11
260	376
268	246
299	5
251	317
317	37
289	66
244	331
446	455
192	270
303	446
405	252
466	488
328	114
304	34
300	120
31	519
269	462
276	54
343	358
312	324
110	412
432	356
300	18
328	166
540	435
296	48
236	277
291	51
291	372
187	293
388	513
181	296
282	402
80	454
250	165
7	518
56	427
114	437
412	361
291	142
304	152
324	75
307	15
294	50
307	332
289	307
301	16
341	175
299	35
453	384
419	436
478	364
234	151
318	111
353	330
247	172
66	446
221	141
114	343
350	421
291	24
320	84
289	196
382	229
300	61
327	209
291	412
415	306
290	265
267	79
232	304
308	21
123	471
354	109
389	177
563	477
226	244
300	8
290	34
297	166
193	468
362	229
380	318
160	402
265	270
258	149
138	383
335	109
268	105
338	433
300	19
277	120
301	390
202	260
75	474
543	519
295	242
338	307
361	158
209	494
436	249
236	151
311	38
346	88
221	254
315	358
315	130
279	374
251	322
290	46
216	371
143	301
282	45
308	51
338	124
242	468
275	52
223	231
212	306
301	221
410	261
316	310
324	472
179	338
186	500
346	116
413	241
343	212
263	77
316	30
171	509
300	12
400	237
442	364
186	351
130	478
360	203
221	352
233	197
424	216
341	156
464	411
350	295
295	244
447	276
331	157
64	411
395	185
418	295
387	416
278	143
373	159
311	33
301	53
350	196
328	348
305	209
301	205
49	449
391	173
298	490
237	413
230	125
300	49
254	488
304	12
360	281
408	419
224	171
235	319
336	92
482	511
296	274
327	380
277	186
264	88
242	318
289	93
298	8
309	498
332	202
238	181
180	334
313	322
318	114
146	372
242	428
109	357
366	219
316	93
264	99
298	300
190	460
323	46
260	180
399	290
356	286
282	45
312	62
287	25
293	271
266	171
310	45
332	71
386	306
405	191
517	434
258	100
359	326
300	390
365	183
224	206
198	438
216	209
280	163
176	484
324	94
548	516
402	242
340	277
456	518
247	137
283	51
85	452
356	217
477	395
241	512
327	515
321	354
299	71
192	474
171	290
275	180
352	280
429	338
286	230
354	299
506	513
300	2
245	112
128	305
300	6
286	124
123	461
325	47
375	224
148	305
423	413
303	52
188	357
471	411
292	195
301	328
105	395
301	13
228	306
312	22
375	223
291	132
206	466
200	397
447	365
364	153
188	442
328	256
286	30
355	467
384	154
300	4
209	352
327	205
297	7
303	63
421	481
335	415
256	132
332	138
378	434
369	264
298	16
130	372
314	78
315	239
300	73
180	242
142	505
320	119
516	447
136	413
258	177
339	180
277	118
283	317
269	57
200	317
68	478
308	67
261	508
328	423
159	483
307	15
92	487
284	270
400	351
295	35
157	328
290	21
369	136
557	481
407	222
281	239
298	17
209	310
343	256
303	74
257	184
335	214
591	510
338	123
252	138
285	374
353	277
257	79
175	478
76	426
353	128
345	172
186	220
227	168
234	345
301	9
222	451
102	455
307	119
358	484
285	80
357	298
262	329
275	94
277	352
483	497
358	427
333	232
490	481
402	465
464	288
325	48
330	305
273	448
184	367
305	416
247	402
415	228
287	31
272	100
126	373
369	210
512	393
382	221
294	80
306	301
468	436
279	141
300	7
197	513
232	330
5	519
294	293
85	461
100	452
203	391
320	98
281	327
424	300
343	406
331	145
270	120
333	133
311	35
384	152
254	497
323	306
368	206
335	180
79	399
263	90
323	229
468	507
366	150
114	331
291	79
275	299
117	435
198	490
317	159
296	116
356	326
175	300
380	404
170	237
358	441
275	104
245	429
105	373
189	351
299	8
346	100
259	195
247	104
336	254
165	390
292	22
286	456
326	395
315	168
410	448
146	462
290	496
295	52
310	196
302	7
353	109
197	274
200	325
318	234
159	294
277	100
438	333
134	306
321	116
175	339
354	291
187	279
412	348
407	384
338	145
187	313
392	229
301	73
305	82
534	459
211	175
318	343
242	161
291	431
230	131
443	415
449	410
404	242
466	383
424	266
246	143
234	124
311	52
209	183
311	42
235	282
195	468
353	240
303	176
218	388
419	253
238	228
307	41
139	367
272	364
137	309
566	474
258	86
114	416
32	493
534	502
370	256
67	447
309	80
228	238
428	302
256	98
234	225
319	99
295	59
357	416
408	381
552	449
270	455
161	265
261	181
200	468
319	390
337	489
202	399
337	313
298	35
414	312
375	478
302	421
364	177
110	427
216	276
402	298
272	132
312	300
389	187
369	398
183	322
309	35
309	61
303	22
212	230
205	494
338	383
298	72
370	500
374	378
236	152
472	377
299	146
302	115
176	369
345	138
277	48
150	278
363	375
141	338
394	302
309	53
291	81
412	456
143	438
272	233
443	442
291	35
99	411
117	322
307	336
96	370
257	266
371	410
299	4
33	474
334	151
364	243
275	352
296	139
387	354
470	309
334	109
262	110
328	66
373	369
102	424
204	202
263	118
167	440
306	12
266	173
317	397
252	119
303	37
150	455
248	205
335	264
388	158
297	45
400	318
341	409
320	292
185	435
286	201
277	170
316	48
339	106
271	352
495	339
352	199
126	324
408	423
209	190
302	7
144	323
223	481
329	293
412	489
296	56
56	445
311	51
122	510
486	507
167	288
306	27
230	351
534	422
242	272
274	518
225	438
115	515
151	514
297	66
340	73
164	381
506	485
136	371
356	151
356	99
303	12
195	416
53	454
393	492
308	190
475	411
126	499
165	362
131	397
150	302
290	97
313	196
257	382
195	278
403	413
309	18
268	209
308	175
382	402
343	102
146	461
255	422
312	34
388	259
338	463
241	438
316	111
470	427
373	442
296	80
212	311
46	513
332	381
266	80
282	100
325	168
270	109
327	189
184	294
244	182
282	48
358	218
88	421
278	256
414	395
469	439
173	236
288	71
325	335
237	229
462	504
188	229
292	173
197	479
305	15
378	380
299	286
348	255
185	264
282	77
288	477
325	232
559	490
440	388
346	306
361	286
397	300
358	125
357	454
317	405
305	12
282	229
324	43
337	191
298	391
334	68
287	391
173	474
353	322
298	9
431	406
112	501
269	115
282	229
512	369
392	380
205	261
502	426
208	449
206	408
368	190
194	367
216	255
275	233
295	429
474	323
396	234
455	270
272	342
279	324
265	168
285	38
273	51
222	285
255	424
469	341
291	60
337	170
306	35
285	299
396	308
315	57
297	274
306	35
148	284
236	112
288	60
197	371
280	53
318	95
300	9
261	268
329	156
54	456
451	465
186	300
333	151
291	46
294	333
544	424
223	480
300	22
300	3
70	421
188	498
171	285
108	500
346	222
283	101
196	437
240	244
237	150
482	335
290	170
197	226
307	52
326	100
510	438
315	47
525	507
352	143
373	507
321	41
276	132
308	150
272	112
285	203
277	50
418	207
304	78
291	200
206	308
418	217
210	177
391	461
308	75
396	316
357	218
316	184
300	2
303	42
361	301
397	176
295	45
267	151
401	188
300	2
370	286
378	183
265	142
174	430
305	45
300	2
236	367
141	314
389	333
201	225
297	92
310	109
179	332
303	11
444	319
183	219
318	63
432	328
300	30
250	300
331	348
325	51
321	53
284	35
294	269
257	127
312	28
300	2
354	273
582	507
272	55
369	507
297	11
286	364
181	517
280	167
276	52
421	264
400	263
296	271
371	400
340	246
269	74
245	138
167	295
361	254
341	254
29	476
273	491
260	288
392	383
250	137
352	280
229	183
287	56
292	70
304	14
340	466
306	500
404	270
199	192
455	387
475	358
258	287
270	120
232	125
269	312
263	313
307	46
390	358
299	4
520	412
259	306
423	222
309	106
65	412
258	292
253	162
202	224
323	46
229	181
245	337
287	32
321	54
254	346
368	390
295	307
240	500
269	355
289	228
341	351
95	495
349	513
165	248
63	416
311	216
562	504
361	386
331	84
94	444
307	99
343	112
388	272
303	9
309	220
303	416
201	236
402	255
360	268
217	377
222	269
132	402
280	141
257	263
210	222
385	337
265	169
140	481
542	465
188	254
419	271
190	416
291	39
212	436
260	337
292	35
169	487
287	58
242	224
113	464
300	3
259	223
165	401
113	334
183	302
263	455
239	217
130	440
196	228
295	60
302	22
433	271
358	183
300	2
430	396
304	306
405	458
275	374
312	90
403	351
282	53
355	306
257	333
297	35
348	365
314	208
493	348
310	466
144	333
256	137
385	158
169	229
248	400
48	479
334	486
459	460
321	62
329	66
495	363
355	189
377	166
148	438
314	32
292	216
168	283
445	352
308	332
127	503
175	486
272	51
355	107
254	222
173	488
198	349
275	67
375	440
174	371
288	189
224	203
321	77
302	26
410	476
301	3
271	172
342	278
260	506
301	232
131	459
507	401
338	229
209	341
331	454
339	69
310	105
341	415
433	275
348	128
276	58
250	367
204	220
300	4
250	243
285	473
347	156
388	285
318	390
338	106
34	491
252	183
277	262
240	176
279	158
337	443
305	103
345	186
214	469
320	51
263	199
246	279
331	209
266	62
229	220
473	502
267	208
300	45
291	109
278	182
236	116
408	422
256	272
362	119
222	230
496	417
299	13
465	290
259	340
142	396
444	367
331	144
258	94
160	298
261	95
38	462
292	41
304	347
252	87
93	364
313	382
274	374
353	108
384	286
539	442
173	392
159	355
348	274
218	209
311	228
337	116
306	244
192	238
295	23
375	216
282	35
303	80
271	120
288	42
303	12
346	219
594	513
344	371
145	507
300	2
463	379
265	202
371	278
411	258
231	158
370	274
121	463
283	211
395	209
325	126
539	476
230	508
275	273
405	298
155	257
317	309
214	233
501	371
330	66
301	112
336	95
573	494
522	434
343	140
331	59
470	480
393	252
49	447
502	452
128	309
206	252
396	267
189	347
48	447
186	415
299	82
244	106
478	430
288	433
391	245
188	269
325	208
310	445
379	261
330	87
272	280
316	65
438	385
296	71
301	214
300	3
309	27
259	132
471	390
476	519
316	53
249	188
389	171
301	37
150	286
81	417
277	345
401	330
385	274
288	400
296	136
414	399
279	205
276	223
300	318
175	485
185	238
435	285
319	73
299	287
126	367
439	249
539	439
457	306
368	455
271	363
312	34
288	60
385	344
249	99
396	518
150	368
53	452
253	248
212	390
355	417
279	280
288	151
260	79
351	190
92	499
363	165
403	288
315	61
408	338
300	2
391	472
285	191
423	325
403	241
251	175
311	461
448	326
373	450
316	61
233	282
266	385
208	161
182	513
188	224
171	237
256	351
254	112
452	358
266	109
243	208
333	92
320	210
335	252
224	339
276	48
230	356
365	141
161	320
282	99
280	463
322	172
304	61
345	295
230	464
271	232
302	223
325	198
187	209
385	201
193	437
39	462
305	67
244	261
309	101
278	64
300	2
274	97
388	318
473	325
163	391
323	128
315	43
336	279
165	383
206	489
229	197
378	167
443	277
354	188
412	237
80	396
206	293
302	9
297	105
295	331
445	330
382	474
290	283
328	223
214	388
321	61
374	476
437	273
180	509
306	363
447	283
380	199
258	368
536	413
307	480
288	30
307	25
388	458
289	256
209	302
270	100
190	400
331	186
343	320
273	184
68	429
262	86
227	183
344	82
188	256
419	416
79	485
308	118
389	171
350	127
479	419
310	78
280	135
283	441
249	105
70	400
300	133
286	80
327	152
319	339
289	148
304	106
306	37
162	269
331	187
216	171
212	492
274	101
310	176
277	219
453	326
252	90
323	97
390	473
244	164
274	504
245	216
267	89
388	200
300	184
317	44
396	299
418	270
425	219
248	512
254	262
300	5
303	88
467	490
168	458
355	115
244	142
302	82
444	496
312	85
356	350
330	80
314	146
483	490
288	394
344	123
271	112
172	482
300	418
343	104
185	438
361	254
241	468
414	209
280	513
300	34
312	96
252	340
360	143
386	326
149	461
359	460
468	293
383	496
232	126
219	156
232	389
290	35
195	403
267	488
540	516
232	191
430	347
305	377
332	120
321	149
363	216
258	120
154	285
441	332
262	73
379	156
190	429
271	227
381	483
380	219
408	440
231	495
280	38
358	106
304	9
299	32
52	510
470	364
448	280
266	140
334	66
141	505
407	201
295	34
252	191
331	159
411	248
352	248
294	44
514	431
410	258
388	323
513	468
410	436
37	491
194	201
303	468
425	339
348	136
284	30
537	457
206	423
316	43
283	175
95	380
363	282
361	145
268	219
357	250
415	392
147	357
578	514
306	15
313	44
346	438
434	488
317	50
218	226
375	254
328	57
293	17
292	57
433	487
301	12
324	491
314	513
236	326
406	317
236	121
246	428
242	125
209	222
280	295
351	347
181	276
464	448
347	426
309	358
273	345
254	132
220	206
316	38
385	348
308	366
331	178
297	24
400	474
277	58
346	329
334	410
368	130
280	95
314	119
401	313
295	11
154	259
286	51
309	81
387	450
331	142
178	252
148	453
438	281
276	79
496	347
224	229
249	216
385	189
196	449
287	121
358	170
388	470
288	381
544	460
417	443
109	365
261	371
412	435
217	513
228	472
322	48
138	386
331	378
319	232
306	13
285	85
268	181
321	165
550	484
231	138
310	126
419	220
311	55
374	191
317	331
108	345
193	250
9	509
295	22
292	17
319	38
107	366
237	169
362	216
333	78
167	283
260	371
392	308
296	218
189	291
285	323
450	423
185	319
283	49
215	192
318	106
375	519
310	209
303	7
275	317
245	107
333	89
336	203
344	346
302	385
227	448
300	8
72	517
317	63
296	14
168	498
518	407
390	338
102	460
303	35
225	208
301	14
228	405
354	423
386	515
111	441
341	98
362	135
60	444
310	44
337	504
316	73
365	473
172	416
304	245
223	167
418	400
294	416
493	369
280	491
307	81
255	165
400	313
378	417
578	489
398	287
225	304
362	363
297	12
350	190
153	391
331	235
297	340
352	304
216	227
246	104
268	375
367	164
443	298
146	355
297	369
287	93
320	76
329	322
279	161
286	74
321	252
301	11
286	63
300	27
529	516
289	42
66	426
331	273
347	183
279	44
305	91
246	116
466	310
174	342
437	283
380	261
348	343
283	178
300	41
333	196
241	222
338	70
297	8
259	146
409	216
149	502
255	176
324	115
349	330
350	243
318	392
154	481
256	261
116	444
303	37
207	170
118	333
275	484
318	137
226	190
296	224
237	313
101	393
322	314
338	77
340	481
192	344
286	36
295	56
249	254
351	117
88	455
238	201
324	387
189	227
296	390
265	123
458	412
419	468
326	197
325	48
562	458
232	172
293	18
330	157
291	29
410	286
126	377
347	93
252	259
321	49
305	315
304	145
417	237
136	312
286	49
401	280
302	228
146	419
288	46
174	455
291	142
211	405
353	137
214	236
179	386
282	130
509	450
313	67
135	374
302	13
189	474
178	335
329	213
318	135
286	26
238	145
261	176
275	151
77	493
310	64
208	181
287	48
482	494
399	196
400	449
300	9
305	209
300	15
509	467
331	263
277	188
296	55
300	4
275	501
264	103
427	504
333	341
292	135
286	52
236	237
435	246
147	404
421	300
37	468
357	225
308	256
543	508
311	209
340	305
163	319
532	431
285	298
227	338
129	448
485	493
292	348
267	115
298	8
441	376
276	410
319	119
255	358
318	253
387	168
320	239
173	381
406	468
252	301
382	296
370	170
305	17
265	89
321	473
392	261
351	189
150	271
270	306
214	187
232	180
497	364
333	302
284	29
425	285
280	76
410	269
171	396
166	289
274	61
248	105
262	188
72	455
296	141
290	77
266	312
332	367
216	159
469	308
403	192
339	327
434	255
312	89
424	314
482	383
345	306
355	326
246	141
424	276
400	245
267	519
280	206
228	146
329	131
315	41
307	275
477	334
263	137
190	420
336	79
437	307
419	209
244	205
443	385
257	132
301	11
351	481
138	460
372	203
319	186
248	156
189	251
209	280
258	342
212	339
302	9
372	363
442	373
272	465
326	179
254	295
449	401
352	342
195	248
530	403
207	260
258	278
526	424
372	244
316	360
177	269
341	383
337	434
210	298
335	491
300	1
307	34
404	287
159	441
233	238
314	27
249	154
366	205
266	75
175	235
271	217
248	228
178	319
224	203
309	132
237	292
297	18
343	153
295	478
500	389
306	35
112	387
123	345
189	394
284	410
37	502
346	105
209	373
268	437
429	450
302	421
275	93
509	432
299	11
278	77
172	335
370	184
353	112
115	358
242	254
169	258
343	303
479	344
403	213
190	403
286	144
134	293
312	149
302	203
418	448
303	30
319	156
414	329
250	148
199	224
325	67
198	209
249	94
326	260
288	29
265	253
302	28
279	262
303	86
337	177
230	283
282	120
211	250
288	156
256	261
154	385
281	311
276	48
305	267
326	65
455	417
328	492
300	111
165	280
421	345
392	487
297	8
350	204
302	63
157	296
274	495
251	228
506	506
100	391
368	145
382	324
433	294
301	96
333	91
298	165
296	281
369	141
425	409
417	322
330	113
300	86
166	305
291	94
366	359
129	416
314	326
303	99
296	220
421	285
300	32
471	497
300	267
84	395
243	115
203	276
313	156
482	412
488	406
191	503
439	272
301	117
243	126
338	162
382	249
238	358
418	408
329	280
324	426
293	50
101	481
305	223
102	371
272	166
267	295
300	2
408	444
226	316
301	5
382	227
296	75
166	319
155	430
374	205
181	458
381	430
312	117
317	41
357	340
254	98
304	36
326	416
150	375
310	73
486	490
145	373
428	508
316	67
257	164
313	89
357	197
290	170
413	332
448	505
350	292
242	497
305	48
331	88
125	354
482	455
108	491
272	425
394	278
500	382
260	145
305	25
380	416
251	97
266	223
291	328
409	349
365	236
329	110
296	304
272	76
311	29
234	437
273	483
312	22
338	313
307	28
262	427
367	375
412	327
356	339
279	97
219	364
304	22
264	280
279	228
525	426
269	56
405	312
322	100
263	83
397	173
498	358
351	446
343	271
342	265
365	432
246	460
412	255
57	506
368	339
494	447
342	163
112	350
288	33
253	217
353	177
249	157
273	74
284	93
183	325
185	203
461	462
290	222
279	331
108	435
467	372
261	472
425	503
421	216
425	241
213	214
328	124
378	209
316	95
426	376
399	196
254	113
271	53
470	455
460	353
287	154
414	429
380	266
306	172
311	191
122	424
542	488
308	18
421	502
396	388
281	211
309	86
327	190
205	195
223	220
172	448
291	373
156	445
297	131
161	360
303	211
428	253
393	296
214	363
79	388
180	351
334	380
249	226
121	504
568	488
360	476
304	301
282	80
453	295
234	388
377	151
273	354
407	298
300	2
341	106
298	52
215	314
395	261
557	450
407	223
305	79
482	327
217	368
299	375
126	371
308	427
265	417
277	267
210	248
392	345
395	208
311	98
292	243
299	3
276	119
324	97
417	324
228	270
243	226
240	270
339	292
350	291
312	34
293	18
324	73
109	455
502	397
273	173
224	446
415	285
300	2
314	35
172	360
345	203
275	274
267	375
360	499
157	435
330	364
455	309
305	99
273	86
409	272
298	62
317	134
306	450
501	366
322	59
277	343
98	395
141	429
299	23
129	452
400	317
87	397
426	274
270	293
213	248
447	370
436	384
223	141
371	488
402	303
269	73
320	53
372	335
438	343
318	132
459	355
175	258
257	359
316	246
300	2
374	333
328	66
526	424
586	519
328	121
106	400
293	27
71	419
249	257
161	443
420	258
158	342
366	422
302	118
444	384
311	250
300	2
446	420
247	405
329	500
314	231
584	511
308	34
335	309
412	519
463	397
220	255
245	185
274	306
265	148
310	73
117	376
315	468
302	148
423	285
309	51
340	192
282	60
79	427
306	22
177	313
263	425
166	395
306	214
318	330
431	256
141	318
206	382
324	52
300	282
416	419
361	173
300	1
264	242
282	360
497	420
345	113
344	192
563	461
53	506
488	478
420	274
278	314
100	449
293	138
405	259
230	148
344	397
272	146
392	248
346	112
178	374
248	99
366	342
366	367
301	10
297	13
56	472
327	77
380	165
310	43
494	444
331	90
273	93
255	92
442	456
469	465
316	249
372	342
321	83
359	416
301	3
342	183
488	362
439	370
47	474
305	62
455	456
296	9
254	449
319	189
473	319
346	235
400	309
178	383
327	357
207	173
267	135
440	511
377	386
348	165
598	519
375	504
433	335
127	343
315	305
438	342
75	408
256	123
401	348
246	293
300	5
396	296
421	365
276	125
350	115
261	222
312	164
146	292
232	128
301	46
64	464
371	232
272	52
243	177
330	58
228	300
371	364
410	231
432	358
427	388
295	10
317	39
340	505
364	503
277	229
126	440
333	300
285	82
300	4
354	426
379	284
163	504
199	177
229	429
471	445
233	278
82	466
266	290
235	145
170	408
432	338
271	163
274	464
282	65
251	97
356	281
439	303
296	57
271	157
217	233
321	188
409	326
494	510
196	296
404	216
218	280
390	454
180	240
279	163
306	99
254	177
288	27
176	324
357	188
253	108
300	190
359	509
298	494
147	364
144	425
267	61
289	192
526	410
258	151
139	348
310	321
263	304
156	370
551	453
341	327
224	377
430	237
269	94
275	190
329	158
394	498
292	78
166	468
285	293
118	437
304	405
408	222
279	97
437	397
267	242
502	361
272	117
110	453
401	180
293	103
288	445
569	513
341	302
206	203
492	450
425	505
338	86
230	257
312	226
282	219
275	184
294	63
541	433
413	415
190	254
157	426
294	32
552	515
216	260
155	280
399	187
289	448
241	239
269	89
324	60
295	514
378	194
237	111
173	239
125	316
249	237
170	240
294	442
275	60
288	229
297	408
58	436
135	361
273	166
386	235
158	386
150	301
250	91
465	479
307	148
375	185
331	261
297	48
199	217
491	345
376	192
322	206
192	457
362	311
445	383
285	84
263	96
562	494
140	488
407	342
198	346
58	508
517	428
297	178
362	176
342	147
441	337
301	478
369	240
291	458
463	453
177	413
155	331
277	54
492	397
296	173
440	252
365	260
277	230
524	457
223	482
311	34
291	229
22	513
446	268
185	298
267	346
473	348
264	349
445	305
232	248
328	108
348	479
486	515
323	41
116	430
207	200
159	281
199	503
355	293
299	175
419	501
294	466
264	224
573	500
314	298
289	32
392	208
303	7
477	379
304	131
244	107
213	159
283	476
201	203
302	10
378	408
265	219
473	411
246	130
305	203
314	33
276	102
573	474
236	125
370	186
415	390
105	435
193	254
305	147
230	144
294	251
294	73
279	66
503	442
336	358
300	164
420	432
287	441
314	54
325	270
478	311
348	207
392	282
246	359
289	56
354	104
263	110
282	276
398	390
440	457
89	451
36	496
338	464
380	461
146	390
293	101
281	344
316	60
305	12
451	383
196	315
308	190
281	293
443	394
288	47
326	284
243	467
469	356
129	302
220	145
262	234
60	475
259	258
360	193
306	16
90	476
357	501
214	342
269	143
267	78
338	155
199	479
426	270
318	261
281	252
122	442
306	59
324	180
329	242
252	437
321	236
69	507
463	311
110	458
228	164
253	131
245	186
515	442
84	392
302	35
332	106
110	345
348	93
366	364
114	392
388	453
277	414
363	319
312	195
323	56
327	209
299	3
140	412
219	224
240	206
338	115
350	99
154	408
250	124
390	304
301	224
132	313
382	496
259	116
301	35
131	474
478	384
510	477
217	452
320	49
291	41
133	333
359	330
398	171
310	411
322	56
86	467
130	367
478	487
327	150
314	290
326	60
130	493
330	55
391	160
392	300
208	229
247	183
292	50
114	509
424	377
275	241
368	287
421	282
397	358
441	420
300	45
362	449
119	498
383	433
189	231
275	50
235	181
401	222
308	99
303	73
331	76
350	228
294	28
262	104
564	484
360	253
240	478
300	266
345	145
285	79
270	54
488	494
338	159
119	320
266	151
543	492
272	147
301	91
252	144
284	442
295	18
349	203
307	17
373	483
545	459
383	216
226	220
367	352
143	307
279	364
255	255
296	17
333	131
451	293
229	201
393	319
465	323
248	197
299	42
327	312
295	70
228	339
256	132
388	291
175	323
204	171
171	426
134	332
83	488
271	106
352	323
350	460
201	438
353	99
219	178
454	351
271	279
135	371
216	290
323	438
424	300
338	178
309	262
349	112
382	322
231	361
205	512
266	377
310	513
321	41
47	510
550	471
222	174
14	503
420	300
431	379
328	111
169	474
319	158
513	491
236	129
277	106
299	74
289	254
357	470
262	165
198	386
291	147
376	134
213	159
296	203
314	284
447	508
367	260
212	239
294	48
519	460
239	211
299	8
393	208
381	208
290	150
369	423
294	74
283	177
500	391
300	6
374	209
409	214
207	227
503	396
497	514
362	425
193	359
486	481
321	48
296	21
258	145
450	283
299	130
132	430
212	262
316	93
444	337
347	278
326	201
277	100
430	259
418	388
464	438
420	404
97	423
270	413
313	274
287	111
143	324
307	26
281	77
420	427
259	392
455	420
471	417
377	242
438	287
311	229
210	437
276	167
273	271
282	64
349	254
326	47
178	359
221	485
148	346
243	164
304	517
321	145
284	125
389	238
409	492
280	89
355	177
572	484
185	429
339	190
296	61
296	14
175	240
279	79
234	147
181	456
438	276
273	269
90	417
254	207
326	514
234	139
127	341
395	288
291	32
333	62
306	81
396	303
275	243
273	134
245	122
241	125
105	419
255	503
404	276
318	39
300	2
309	266
151	479
427	446
211	294
303	272
274	494
163	334
252	171
300	5
372	160
411	410
154	410
207	367
215	212
300	232
214	255
408	216
293	27
513	383
310	95
350	185
548	468
258	509
327	276
365	519
311	204
439	418
126	400
137	363
299	15
309	461
311	519
237	278
407	218
314	28
190	339
189	209
395	166
184	233
122	504
192	240
478	494
291	20
420	277
243	156
490	461
454	444
342	89
312	40
273	59
308	37
206	265
296	396
417	302
507	405
300	5
350	160
371	386
259	129
428	477
312	387
308	37
84	415
273	153
119	371
364	166
314	27
366	463
396	353
125	313
184	383
387	492
243	341
300	3
351	143
430	229
278	41
292	108
285	29
449	491
528	432
285	32
268	220
299	51
326	100
405	371
350	236
263	347
283	44
531	424
401	312
414	203
283	51
304	319
216	458
452	419
359	134
303	8
208	416
246	138
398	444
292	149
262	76
308	84
304	9
290	318
246	283
314	136
134	324
273	51
447	495
338	238
217	515
214	517
323	234
284	206
189	300
329	289
229	326
193	364
246	175
330	348
255	286
500	351
172	364
300	232
238	329
290	39
366	512
197	378
283	125
343	93
189	374
292	229
305	216
383	350
228	236
150	354
281	132
177	230
327	198
542	438
300	314
350	372
328	231
277	84
272	276
226	395
168	321
291	39
283	52
194	287
344	147
143	411
328	74
266	357
186	472
373	155
110	422
265	228
227	184
384	151
143	487
155	359
332	222
430	284
317	244
201	289
278	92
306	26
238	173
237	170
244	518
426	455
242	230
172	329
224	367
393	488
311	53
196	377
342	117
315	68
284	251
300	3
306	54
192	416
247	353
180	347
281	182
226	146
340	128
272	332
310	55
288	222
266	191
266	207
369	507
247	445
31	483
400	230
467	487
494	416
267	144
183	375
346	110
346	86
430	289
283	85
314	508
476	433
319	52
157	433
133	371
349	512
63	455
441	278
273	66
169	352
316	45
311	28
144	384
507	453
317	41
456	464
208	275
264	112
395	196
268	178
447	481
464	468
403	320
219	378
254	268
313	402
338	250
294	514
408	211
355	199
218	182
205	453
253	86
284	86
471	312
358	124
280	100
231	264
285	356
243	262
206	282
364	327
315	81
350	145
291	37
318	301
467	455
323	429
331	444
414	336
367	332
139	348
112	474
354	432
243	375
410	306
344	216
488	351
340	163
110	433
453	456
450	300
445	307
390	301
181	328
294	39
256	483
326	173
319	39
373	160
376	428
318	35
36	514
368	248
225	251
309	28
285	426
483	332
300	43
46	512
333	185
348	86
190	254
414	386
280	164
244	480
261	242
243	191
357	275
456	419
235	182
291	51
283	81
227	176
249	219
268	139
283	47
319	312
133	305
354	398
221	183
333	73
300	92
209	467
226	390
202	497
297	11
386	230
511	369
404	293
358	376
189	481
392	354
256	497
285	419
303	288
258	222
448	288
269	58
527	432
404	369
297	30
434	326
396	480
429	468
341	158
167	384
295	135
282	99
185	338
315	468
300	25
334	209
383	150
331	308
260	500
84	432
138	485
369	188
414	199
366	258
199	209
325	69
300	155
120	399
188	248
493	345
285	73
385	280
435	285
281	143
233	229
360	271
240	121
286	73
358	145
179	254
286	94
235	132
76	461
498	513
296	336
324	495
148	326
396	252
381	152
69	408
251	105
242	326
396	442
340	107
337	97
173	339
363	214
244	429
242	152
301	7
238	394
324	48
384	346
293	73
300	28
364	231
290	34
486	518
228	481
457	394
177	337
275	415
269	137
263	67
339	85
300	7
361	116
329	67
192	306
194	406
454	437
361	146
228	128
284	248
107	502
292	353
254	296
302	281
320	104
221	276
284	67
326	59
219	254
290	175
522	495
304	15
343	450
241	105
269	149
277	103
221	303
170	255
256	96
244	121
258	107
477	451
392	343
229	500
285	228
273	364
296	10
294	100
321	358
292	148
461	513
414	431
202	367
299	9
336	169
152	270
239	111
369	139
335	125
366	248
447	290
332	87
471	439
218	432
223	295
243	293
117	419
280	275
418	284
295	40
194	245
252	103
264	156
314	42
340	144
448	496
281	107
169	309
128	364
349	86
331	137
175	218
446	458
301	5
231	253
306	14
177	438
335	101
280	86
190	500
227	504
250	93
352	434
316	494
301	44
415	457
201	472
462	459
184	293
352	138
284	45
339	299
308	16
297	95
378	222
296	112
311	314
399	232
441	333
370	306
270	111
249	200
213	487
182	282
201	175
253	152
333	337
229	238
292	333
327	82
167	303
39	517
262	464
239	344
431	295
204	284
92	462
272	134
200	306
364	178
196	238
301	35
299	5
314	122
327	337
291	46
300	137
336	173
265	208
192	403
313	500
508	388
186	229
362	134
313	177
466	482
292	111
380	423
248	144
308	416
334	64
342	93
353	454
281	144
295	260
289	28
425	397
262	485
309	431
159	444
341	341
270	355
211	210
300	39
192	239
45	516
288	38
322	213
416	430
322	193
287	69
300	24
262	348
79	397
311	80
240	203
297	465
288	331
59	504
120	326
294	205
404	266
317	494
258	350
402	389
162	286
333	288
295	22
398	363
375	485
315	229
50	510
286	96
356	189
294	488
309	76
111	374
316	142
148	425
332	111
355	316
235	389
509	415
179	365
372	177
299	41
299	3
242	411
272	390
298	517
233	298
307	138
313	183
354	319
283	123
460	497
229	397
406	392
351	229
195	184
339	69
299	126
195	506
300	245
371	156
335	195
421	330
242	330
287	304
311	298
465	435
298	86
308	365
316	46
96	383
174	246
85	403
398	209
414	401
319	519
327	326
285	157
332	127
448	315
32	491
426	342
296	299
124	421
206	410
13	500
327	76
160	456
437	318
234	120
133	308
337	111
461	421
264	467
286	304
496	466
222	232
203	183
82	482
439	326
198	368
203	170
349	150
174	376
441	313
260	148
300	76
131	469
265	162
529	501
274	72
371	216
418	502
302	8
232	379
306	61
303	10
322	47
300	2
114	500
368	232
344	360
342	172
253	131
398	228
447	441
484	339
126	347
165	274
327	72
330	422
325	158
264	319
211	234
234	280
311	231
418	471
523	446
351	287
281	359
368	208
232	210
337	467
116	447
367	427
165	419
369	446
194	406
181	261
284	94
176	333
184	217
300	9
308	24
298	248
294	52
90	406
487	460
252	163
422	442
325	93
298	384
300	245
299	323
323	112
272	238
319	90
236	351
287	300
299	203
289	183
363	119
309	38
357	235
266	366
300	20
400	221
300	2
430	320
333	87
411	404
292	237
297	22
258	365
263	68
304	50
279	73
81	481
361	411
291	271
233	185
244	263
331	475
302	13
314	30
81	435
456	436
379	236
331	77
431	431
358	205
31	479
296	26
304	68
333	98
314	47
278	225
192	332
524	503
435	475
401	492
495	397
307	61
286	35
408	284
319	47
286	474
323	194
27	519
333	112
376	455
374	326
156	515
492	464
468	303
288	128
245	183
233	263
342	138
325	72
336	236
332	221
293	16
277	395
342	75
233	234
399	358
292	93
234	261
459	318
299	295
331	203
439	285
176	284
341	117
235	194
360	235
290	22
361	367
286	63
43	502
155	327
264	152
453	293
327	67
441	473
333	347
396	287
320	99
299	247
394	329
169	332
270	177
301	423
396	236
314	280
121	430
165	458
521	404
226	256
266	207
165	295
316	493
491	332
296	43
305	59
329	143
315	382
151	274
101	403
402	448
261	119
304	72
305	14
261	82
294	116
196	467
278	86
305	16
147	301
204	348
336	70
274	64
428	275
256	125
221	347
276	120
300	15
263	78
376	177
329	513
380	315
103	371
300	2
440	400
295	233
423	288
275	70
556	477
485	409
154	370
273	120
271	55
469	308
110	466
337	84
521	386
340	99
426	429
371	229
362	345
463	340
293	317
452	277
403	198
190	408
260	165
392	226
296	301
256	93
207	448
286	253
317	47
300	1
283	377
463	317
306	68
335	430
326	96
296	30
254	105
476	334
304	61
131	515
76	399
129	421
402	461
281	105
297	507
102	451
140	448
448	349
300	65
308	399
441	287
456	379
487	444
300	65
283	67
249	327
220	514
231	123
324	385
275	128
94	411
85	440
303	283
260	334
286	28
324	103
289	204
120	505
253	101
90	481
323	156
237	371
498	506
255	99
249	118
207	369
368	156
356	187
363	155
423	507
336	437
217	428
304	53
454	277
193	474
237	472
218	165
382	334
378	476
260	81
311	478
360	429
280	64
315	471
431	335
172	231
301	7
457	370
364	263
146	326
398	299
348	123
351	242
118	517
375	177
256	305
464	394
131	438
286	45
317	141
89	494
496	372
300	220
386	359
512	374
275	250
182	483
300	2
291	104
254	265
351	498
315	159
362	180
396	191
340	235
260	175
90	501
445	344
197	208
318	63
128	519
310	154
127	402
223	166
114	461
16	505
305	47
322	207
84	497
161	301
300	79
299	4
480	346
187	504
172	434
295	17
204	194
381	178
300	5
319	102
350	129
300	5
317	103
252	213
194	487
304	47
180	352
262	73
473	377
381	287
333	239
423	234
298	54
529	500
296	372
381	481
521	385
481	435
256	140
293	33
441	403
446	267
490	345
385	259
336	249
251	107
324	44
276	111
273	146
296	71
167	519
118	337
278	396
213	161
292	16
159	414
305	16
298	6
312	315
298	483
201	340
314	280
356	105
288	391
261	339
434	474
324	54
275	103
382	444
231	325
257	418
386	158
235	177
310	21
337	246
481	326
488	505
159	351
319	447
341	112
292	491
302	8
319	101
378	177
223	145
263	313
321	124
320	58
176	267
133	337
344	93
288	119
219	476
465	463
356	162
297	437
408	276
310	292
187	229
249	219
391	437
291	33
511	511
261	263
293	44
340	452
250	343
91	382
203	471
227	421
319	38
283	65
218	442
384	332
222	164
368	285
277	145
532	416
259	144
314	173
297	54
118	356
489	362
251	153
328	62
331	190
303	205
246	255
275	99
267	84
340	238
280	77
391	502
459	401
262	359
306	17
187	229
304	87
275	73
327	195
285	41
110	486
304	462
203	249
359	203
296	175
251	494
401	192
169	348
295	32
305	47
319	106
232	353
312	170
300	2
272	65
435	370
342	144
393	212
247	218
321	481
341	95
208	490
85	436
303	9
432	310
122	313
325	96
349	135
66	442
390	223
420	496
197	369
292	64
133	470
336	448
363	186
336	141
342	367
191	471
488	398
274	429
241	112
350	131
250	388
325	62
153	264
303	112
292	50
235	229
338	150
203	259
379	249
268	308
279	73
323	323
364	434
376	228
289	43
268	129
338	456
303	52
176	248
382	444
289	363
255	449
377	266
292	27
300	1
360	283
300	9
343	320
168	333
275	394
389	467
294	263
226	300
472	519
329	147
177	460
267	423
470	306
206	340
324	201
178	481
364	249
302	15
241	170
484	453
496	371
335	80
109	445
373	497
126	456
267	492
443	326
287	47
208	252
215	511
259	83
307	31
420	300
292	21
300	63
300	5
217	289
153	271
280	71
350	120
276	131
523	416
300	369
210	496
107	479
326	408
140	415
176	266
439	427
378	148
357	163
229	453
206	282
405	481
227	272
188	343
304	66
303	99
94	408
422	298
267	188
154	370
297	12
330	100
305	37
290	236
274	381
62	442
175	486
405	186
312	57
476	489
284	154
242	126
188	293
286	139
274	103
330	56
386	211
352	236
247	235
335	147
169	461
464	306
193	280
409	212
320	36
307	27
338	311
302	7
289	43
390	454
186	199
277	207
300	2
262	80
397	292
305	468
296	10
60	469
265	169
301	70
344	182
505	489
291	61
277	42
391	352
399	334
263	226
333	454
500	495
324	507
227	461
251	316
484	406
10	519
312	38
186	371
252	170
438	480
296	87
361	116
460	502
322	74
309	41
197	442
289	219
316	92
300	155
276	59
334	410
344	326
360	203
308	16
309	96
302	6
313	89
320	127
283	422
359	210
279	69
334	79
139	472
279	181
211	316
366	180
337	235
375	261
353	216
310	25
446	489
363	118
483	354
290	118
323	271
298	9
125	442
517	411
340	297
223	326
163	288
300	95
455	424
432	502
303	97
326	69
106	448
238	276
543	499
319	307
448	260
132	382
280	197
334	72
195	381
240	218
298	124
282	475
291	152
256	313
111	513
240	453
263	348
315	103
399	269
345	251
408	435
320	179
268	110
313	99
181	309
296	434
213	403
371	509
385	225
297	383
311	78
240	170
42	487
264	98
469	344
284	87
361	348
191	442
183	288
330	97
335	178
337	137
491	422
276	203
459	433
398	268
430	269
196	377
220	518
496	368
278	239
382	257
240	228
299	32
351	208
265	237
265	99
417	452
362	274
338	426
522	452
144	471
146	412
406	247
224	469
291	42
300	2
246	281
318	414
401	376
529	518
268	137
284	80
381	403
279	298
353	251
279	81
247	245
542	448
397	299
299	294
261	225
436	349
242	263
206	166
369	340
439	446
287	287
249	420
221	141
247	267
435	250
253	222
308	347
419	417
308	67
297	14
298	93
501	412
302	61
482	454
301	11
176	232
300	291
390	404
350	95
259	366
327	389
443	266
197	198
101	398
324	306
368	119
375	196
300	91
238	335
404	204
543	506
373	282
563	468
501	360
378	324
386	321
262	76
181	488
454	383
178	381
304	9
291	44
301	30
212	261
468	423
395	345
523	406
329	232
397	364
157	356
310	25
202	179
319	51
291	227
367	236
304	44
322	41
331	148
288	42
303	8
279	455
422	255
125	351
303	9
553	456
401	178
331	115
386	288
369	217
303	146
272	178
348	146
198	248
89	377
325	399
292	309
254	293
488	391
431	302
300	513
297	9
134	451
304	15
319	66
322	53
232	149
228	175
170	374
304	455
315	217
314	44
286	207
186	365
310	255
294	94
262	103
366	215
232	253
345	199
235	193
435	353
262	306
422	416
290	22
227	184
371	391
316	468
318	86
307	73
331	207
311	22
237	177
333	59
387	167
80	425
327	155
283	390
288	35
168	274
262	317
352	120
301	12
275	338
155	456
387	226
302	74
291	31
311	33
278	150
62	415
293	37
301	440
348	293
243	120
424	277
349	166
256	426
277	78
295	262
290	179
414	388
345	404
315	33
297	178
256	181
175	380
183	244
295	123
337	476
370	402
277	171
305	72
300	8
289	70
296	10
290	47
402	507
225	145
425	322
282	162
300	90
292	15
444	390
311	76
499	496
327	105
318	498
115	351
436	255
247	216
189	200
179	376
166	319
296	427
297	14
327	63
359	131
348	179
353	496
459	419
315	94
244	108
289	297
295	28
163	421
291	26
265	78
331	276
320	518
335	78
287	73
545	454
254	171
290	125
222	503
406	297
398	212
350	131
207	195
126	365
277	168
335	275
302	181
334	244
346	212
259	332
294	112
137	486
140	279
298	25
325	116
367	282
220	301
71	448
338	193
300	33
288	121
282	50
347	219
283	290
311	234
114	484
429	448
561	515
188	480
223	193
320	397
405	345
383	345
521	480
280	64
237	365
294	21
271	72
235	167
253	341
354	429
371	257
241	471
270	458
306	67
372	448
368	397
258	216
300	32
382	337
346	124
400	294
183	235
212	383
557	456
300	1
416	345
210	351
118	330
189	310
300	2
311	22
387	196
245	298
298	67
254	351
325	75
235	349
257	387
353	421
298	119
299	352
431	231
351	134
405	380
430	393
326	151
72	426
264	178
318	218
207	497
335	123
314	115
263	222
212	274
153	291
324	122
177	236
273	176
517	496
479	513
350	429
264	69
258	510
337	413
284	56
200	317
388	351
407	211
321	48
281	90
403	300
243	147
155	461
495	372
517	390
352	245
459	447
549	470
300	46
322	204
135	338
315	431
232	144
418	482
366	192
53	450
561	514
345	418
284	454
411	194
130	469
92	479
166	342
259	159
353	294
362	344
323	469
280	231
324	290
217	377
110	332
305	15
182	286
530	433
74	413
315	85
255	87
338	372
275	269
320	128
301	86
320	64
322	40
325	123
289	368
232	147
119	437
199	177
423	245
300	12
208	198
251	99
288	22
294	39
290	32
389	201
227	487
336	184
266	203
244	125
468	323
353	155
335	229
117	373
210	218
376	370
246	283
256	157
79	405
379	138
67	508
390	189
320	274
320	362
344	401
154	419
163	320
328	493
302	6
526	519
242	179
96	429
345	249
300	113
250	274
317	48
227	335
312	22
285	117
466	390
452	313
363	240
424	273
189	407
315	31
470	384
275	432
375	136
283	371
116	507
356	205
293	35
464	411
342	482
247	196
349	188
285	74
315	64
315	407
459	420
310	265
361	461
288	22
244	310
447	397
107	500
357	398
198	314
468	463
327	127
295	22
467	319
370	403
181	507
217	184
384	353
298	68
391	295
295	37
323	122
392	321
385	158
247	315
296	46
332	107
363	229
373	232
410	390
134	317
481	446
305	396
279	279
400	193
395	310
407	263
352	142
133	428
320	110
159	501
315	144
297	13
531	519
206	271
435	315
337	467
370	218
283	42
293	393
363	172
188	358
324	48
322	241
256	130
310	106
265	107
414	237
286	113
234	182
321	224
296	509
485	426
221	328
344	158
295	191
451	369
188	452
282	108
313	61
440	332
269	313
233	254
335	183
372	261
477	396
404	195
175	423
270	190
272	352
207	409
343	106
308	275
362	285
114	449
576	518
315	403
207	200
314	333
301	226
5	514
543	425
360	274
300	319
340	286
306	359
266	98
309	507
298	68
322	44
173	510
260	145
273	80
257	384
340	97
349	97
352	254
333	268
300	4
288	403
367	174
260	125
295	306
358	516
233	161
339	164
313	480
295	138
385	374
288	461
295	22
298	138
382	338
298	8
189	384
310	371
300	47
289	209
304	277
389	474
348	216
170	275
247	94
301	12
428	312
310	126
310	247
315	74
304	26
152	327
354	360
188	259
509	455
93	410
500	448
272	274
323	87
506	371
306	12
352	145
231	187
292	15
207	198
145	448
204	196
317	505
253	198
387	154
292	31
317	207
293	343
329	221
333	235
272	311
183	352
300	59
324	46
360	229
422	300
245	314
315	111
370	138
278	97
302	15
307	18
533	507
298	17
284	103
295	260
295	17
401	492
255	132
477	357
300	117
210	287
245	102
414	211
491	411
216	495
349	242
246	185
213	371
324	86
349	235
310	42
257	251
394	174
333	95
411	229
292	38
406	231
375	147
304	15
116	517
292	423
317	43
299	17
330	396
132	504
580	507
138	390
472	352
269	99
233	132
505	360
378	156
427	339
221	383
324	137
262	255
412	385
265	151
349	417
219	205
229	258
318	452
265	94
461	507
283	32
325	69
250	158
297	158
206	252
114	423
165	254
367	427
300	3
539	477
332	185
329	158
293	153
302	22
145	358
266	341
68	417
291	56
369	340
357	390
371	344
242	165
262	137
326	69
314	226
257	407
279	433
419	391
385	515
226	306
236	193
355	454
285	28
377	185
326	425
274	518
263	82
124	499
145	403
298	38
303	7
449	267
226	429
145	461
326	159
349	207
243	104
302	14
232	224
394	485
450	279
384	436
436	403
269	62
155	462
458	396
310	269
350	104
302	27
141	290
231	182
84	404
253	259
286	135
307	332
252	217
318	119
356	379
358	314
163	290
344	145
513	461
352	125
275	519
256	233
187	416
190	326
338	194
364	351
420	235
381	354
353	348
471	394
314	34
333	67
249	333
485	356
383	179
232	268
73	479
150	512
273	84
474	343
395	237
300	94
442	448
283	137
261	115
509	442
235	452
330	168
202	194
301	24
245	469
237	119
266	280
300	22
255	109
280	122
325	202
333	150
349	277
334	62
347	153
342	80
337	358
225	305
505	422
233	188
258	206
415	229
164	406
343	381
254	206
225	440
225	265
253	243
292	25
244	214
221	498
295	88
399	351
332	423
419	485
245	163
392	187
157	261
115	323
215	195
408	284
436	237
290	33
274	283
287	50
224	211
403	223
300	145
183	337
362	128
361	503
349	183
184	341
308	173
436	402
296	61
374	182
402	339
205	172
508	500
383	254
151	380
201	503
64	426
301	20
235	120
322	43
124	467
109	348
197	209
408	311
428	374
298	24
332	59
310	43
399	381
436	484
201	340
341	209
338	222
331	113
433	434
383	284
215	200
381	455
231	306
309	25
177	255
33	466
275	216
231	297
292	40
149	455
206	369
142	417
128	454
202	193
261	232
362	370
55	433
310	164
393	480
303	54
305	15
317	516
375	261
276	84
204	351
242	107
348	141
440	501
249	138
251	190
303	63
124	433
276	269
347	401
281	71
261	244
310	24
149	486
340	267
382	439
541	505
527	482
411	232
318	100
306	36
295	17
292	106
184	407
201	197
159	271
214	418
341	109
369	370
499	442
192	309
202	305
251	322
236	489
269	297
334	272
452	325
409	437
227	472
348	252
95	416
303	15
365	337
289	140
462	446
306	113
280	111
300	8
255	514
325	106
324	244
138	414
300	155
464	458
234	221
296	89
236	477
359	463
322	332
142	417
498	471
301	170
254	184
317	445
325	115
363	123
453	435
167	314
287	314
248	175
331	163
388	454
303	88
237	180
312	219
337	319
411	325
206	211
370	219
279	115
460	494
227	515
559	476
379	231
349	126
108	341
319	55
275	307
128	423
324	307
216	406
299	208
323	191
274	109
284	271
187	260
238	366
335	119
281	104
314	500
357	448
200	215
269	211
563	492
402	191
581	498
324	512
259	272
299	4
437	313
357	257
334	154
240	115
270	91
300	5
273	313
129	371
312	23
304	242
267	435
325	483
289	22
251	428
37	494
100	495
228	183
364	116
281	112
287	86
295	26
472	332
142	321
311	442
535	507
139	392
255	95
340	513
315	252
419	402
91	481
382	457
296	322
358	207
279	190
327	227
364	353
292	337
324	183
346	246
357	500
307	45
317	65
377	265
492	519
244	255
53	504
359	196
160	390
313	48
362	282
253	229
433	254
261	380
38	494
452	366
154	368
372	232
254	138
303	184
252	159
297	58
361	519
283	121
300	2
91	434
228	374
278	436
277	60
166	310
233	163
412	303
330	269
381	235
8	518
210	409
272	340
454	419
295	463
260	206
182	462
255	119
340	109
302	8
535	496
235	267
307	162
289	38
241	383
376	392
406	327
197	380
117	513
102	363
118	430
465	435
300	2
307	93
237	161
207	167
312	114
170	297
304	265
357	254
386	326
169	234
405	218
297	39
168	235
273	250
405	202
192	215
342	474
390	401
284	102
403	272
551	450
317	50
224	182
268	77
299	237
300	9
296	353
301	49
85	515
302	26
134	345
358	332
493	377
377	404
398	308
327	51
262	360
334	487
309	103
54	500
556	460
473	427
238	208
206	331
163	341
291	217
489	415
159	281
300	504
428	359
356	146
340	248
433	384
337	191
457	439
357	266
338	322
501	411
344	290
283	41
398	223
370	276
307	211
407	222
388	260
269	447
303	136
365	176
127	345
353	518
314	48
238	189
299	36
179	415
300	13
312	108
334	314
394	495
109	429
273	132
339	383
291	22
284	196
399	190
258	119
266	167
342	403
79	516
281	190
190	513
420	411
319	416
201	182
212	223
345	148
184	230
284	131
366	280
275	415
196	225
270	112
511	447
490	431
219	227
361	181
144	513
264	468
209	255
219	345
336	362
34	508
324	160
249	93
486	456
300	1
177	224
314	27
90	452
307	203
300	2
204	268
258	513
103	484
258	108
149	303
97	411
297	15
287	285
115	473
309	73
288	220
292	17
426	367
306	417
264	235
189	339
433	447
341	137
131	474
342	96
343	97
266	235
429	271
235	256
329	482
413	436
333	110
132	342
367	209
295	100
312	43
300	1
290	325
45	475
341	172
284	466
285	65
358	455
274	196
248	313
321	132
238	220
438	422
295	73
299	30
307	15
540	461
348	149
171	373
464	411
441	314
283	314
388	351
409	326
325	148
64	438
341	246
460	430
253	429
233	435
245	176
308	44
275	106
294	156
119	369
311	99
279	76
94	441
532	413
344	111
411	349
329	131
545	497
270	153
289	302
192	226
313	263
347	105
324	338
268	137
307	102
274	93
219	176
375	150
250	98
199	404
312	27
526	405
259	489
299	34
446	298
296	134
278	111
411	343
334	91
280	228
295	16
279	96
416	386
412	374
370	186
368	134
208	359
300	123
311	75
229	176
55	426
471	435
296	9
446	301
224	214
483	342
247	151
239	267
294	85
280	85
301	158
266	84
192	318
244	430
363	474
257	81
355	329
269	251
324	441
233	119
273	487
517	491
327	81
245	246
460	371
352	298
244	241
492	474
267	313
324	390
196	345
526	395
399	286
476	344
304	20
261	157
366	246
325	75
102	417
129	374
265	114
383	220
343	301
303	110
294	55
291	455
448	265
327	444
380	422
230	355
255	407
303	409
320	292
478	401
302	20
311	61
321	213
339	250
152	261
121	353
254	151
256	381
302	57
141	425
311	416
223	462
134	486
366	403
286	71
310	45
309	33
120	501
122	488
290	191
219	405
268	278
372	151
300	18
283	47
530	427
354	95
199	489
301	394
322	128
300	1
369	314
342	273
389	190
389	403
185	207
323	190
301	15
306	203
415	384
296	287
436	382
304	31
197	371
189	233
238	476
280	86
298	7
188	351
368	390
302	151
286	127
318	71
27	494
376	213
339	468
158	474
223	414
399	184
114	457
240	446
385	451
240	450
190	229
281	60
265	206
128	367
232	171
281	381
296	11
373	203
317	145
241	327
341	177
368	383
304	247
298	20
359	150
386	197
409	282
337	164
445	416
296	55
391	433
292	113
254	271
390	189
460	325
249	213
451	422
322	67
229	442
388	339
285	446
562	472
379	188
219	493
108	459
207	222
433	486
404	216
522	394
175	291
252	319
283	380
449	384
287	295
336	411
185	327
265	127
533	458
283	58
420	363
317	93
252	134
285	37
304	23
325	513
278	498
200	202
164	293
355	280
283	62
318	227
306	27
358	476
404	262
264	133
389	162
278	148
247	128
315	227
384	205
322	176
291	133
470	440
54	505
449	340
138	340
361	314
287	79
367	377
397	171
458	438
278	104
277	73
319	87
300	11
217	518
281	119
297	15
329	123
323	425
244	106
315	308
180	395
241	268
299	442
458	346
334	166
202	180
433	408
375	493
198	276
274	246
292	330
319	424
231	267
289	102
159	257
299	9
86	500
174	275
315	114
502	505
326	456
254	264
426	230
309	57
377	248
537	470
232	337
364	247
317	93
277	385
288	47
148	437
399	453
471	333
393	429
397	469
455	372
240	300
204	186
489	473
338	361
323	46
354	333
395	295
441	442
342	125
272	270
144	345
315	28
507	484
361	145
373	298
275	422
331	148
245	484
435	281
477	460
437	342
331	273
257	233
395	334
475	399
187	292
477	457
203	271
202	183
333	87
400	276
207	263
387	249
343	479
88	371
345	125
450	326
515	487
348	117
313	157
420	209
209	188
117	367
300	6
248	98
410	341
314	39
338	337
274	423
266	387
301	57
193	295
363	386
285	133
315	400
293	182
438	282
282	56
302	6
291	41
245	363
228	295
169	240
325	51
297	196
328	98
327	327
217	270
271	124
217	277
266	322
217	309
347	484
376	313
342	175
228	145
329	243
357	373
258	293
310	295
328	393
117	484
208	275
371	300
105	425
291	461
217	163
310	377
380	350
232	147
157	487
269	98
159	451
430	513
332	345
264	154
251	416
279	58
349	306
323	73
298	153
299	9
340	118
273	127
299	16
383	266
324	514
370	301
284	424
167	246
345	266
86	468
291	346
308	72
213	391
296	235
229	284
96	436
173	252
352	462
296	37
296	262
262	350
80	508
270	120
560	463
372	128
288	125
316	246
478	313
387	190
40	466
290	247
332	110
238	110
304	369
51	480
281	52
251	238
294	16
356	99
166	293
260	322
325	337
349	355
511	497
289	49
289	332
230	408
357	373
313	27
106	397
322	82
315	60
348	99
110	403
289	378
121	445
444	351
433	309
261	112
336	182
539	442
353	100
508	419
309	28
328	198
308	67
280	77
297	41
204	445
357	284
285	37
410	196
253	174
343	287
296	15
354	115
350	118
126	510
426	239
243	282
306	52
525	443
342	448
129	449
287	214
221	435
199	500
139	510
415	252
406	188
359	164
189	256
41	491
197	429
298	39
292	61
84	469
138	426
288	168
311	36
296	29
274	311
306	237
171	384
201	324
266	81
299	6
240	260
337	248
300	213
327	80
315	70
367	213
458	277
162	513
372	203
327	366
344	104
264	138
292	241
300	2
241	236
210	391
311	208
347	125
155	318
245	106
76	451
446	476
237	117
302	16
227	145
254	145
316	114
202	431
359	108
289	185
218	268
176	230
300	26
270	67
338	178
284	38
439	281
312	229
314	505
226	350
274	78
517	387
440	326
402	222
399	360
193	500
100	397
92	458
174	282
283	80
317	256
431	423
291	213
304	15
123	357
298	55
312	51
244	262
328	183
326	83
272	132
426	318
202	278
200	191
165	388
486	344
237	174
301	351
463	301
268	493
123	494
117	434
355	126
331	258
237	303
449	285
326	48
259	306
333	345
215	477
112	461
154	383
420	254
308	370
285	69
361	127
243	448
163	293
314	98
376	197
417	345
240	429
308	225
271	80
299	15
293	378
300	4
98	393
301	175
172	414
123	404
338	85
246	149
153	374
80	491
310	184
356	245
243	316
338	352
312	208
289	31
378	308
544	472
364	114
371	308
180	310
292	40
192	249
320	430
240	376
239	316
356	223
302	317
300	448
328	514
217	188
298	38
384	433
274	168
87	372
413	318
295	319
260	131
301	14
145	333
49	484
431	502
172	419
416	253
212	410
324	46
282	55
391	372
485	342
257	89
373	421
505	422
333	248
157	500
258	80
300	1
310	124
339	211
135	399
193	494
398	434
273	48
332	70
191	386
75	395
317	133
329	429
236	223
198	266
187	252
93	407
341	241
305	90
194	393
392	216
169	419
315	271
441	259
462	289
299	41
338	112
266	377
294	46
543	446
135	491
343	490
532	494
421	370
406	236
359	112
360	362
305	173
256	141
471	353
307	15
351	417
284	73
224	369
314	69
301	7
426	381
564	467
160	341
315	33
335	67
313	146
53	487
297	132
305	493
301	5
216	400
427	359
362	492
281	332
222	225
171	232
309	52
116	486
304	14
342	112
301	42
193	377
384	254
335	433
99	465
240	394
313	47
212	495
123	419
167	310
299	300
210	261
280	58
307	106
373	207
303	101
412	268
270	256
229	454
304	11
328	107
113	487
303	164
352	191
361	462
297	9
138	409
184	317
214	176
306	41
314	42
299	44
74	433
473	437
400	229
277	354
231	469
257	168
375	141
341	242
162	510
341	181
267	60
279	46
341	458
534	462
249	229
197	519
341	126
385	423
507	402
295	18
183	318
314	122
310	25
320	56
216	358
127	471
417	225
581	503
279	40
353	452
249	389
392	194
190	429
266	120
316	29
310	32
413	502
333	66
125	502
224	321
361	174
310	138
204	202
373	349
308	171
248	99
308	37
315	50
208	298
227	149
422	252
235	385
342	94
423	269
317	37
279	80
42	510
339	258
149	302
387	337
397	423
289	48
347	86
198	270
283	94
205	273
7	517
328	216
292	21
295	187
302	93
404	457
130	386
126	393
392	411
256	226
361	178
350	162
291	30
191	387
426	397
41	465
265	287
205	306
357	371
183	290
334	113
291	52
201	226
80	400
381	511
269	306
293	15
346	170
146	413
257	294
224	133
290	220
293	26
307	95
264	109
306	80
331	146
218	336
476	470
118	486
384	326
268	267
201	301
229	293
309	134
252	239
259	173
245	481
271	153
338	143
316	261
349	305
285	153
357	107
287	177
315	34
163	419
158	442
511	411
275	132
96	430
188	507
406	348
268	290
239	471
291	176
321	139
267	72
169	267
254	139
127	361
283	487
458	293
293	14
306	32
356	110
312	167
356	287
306	202
328	53
330	259
332	93
385	492
279	448
417	257
277	112
97	475
348	119
315	71
110	395
290	56
523	517
296	351
286	226
265	140
456	460
325	48
282	67
443	304
416	278
259	109
270	109
332	88
268	408
137	299
301	92
283	39
330	86
429	346
292	51
245	107
315	37
35	517
442	439
363	510
223	364
246	144
292	18
373	350
368	439
426	412
144	404
264	96
322	134
294	321
309	119
492	420
160	365
306	28
353	417
259	500
210	196
206	365
210	260
304	308
261	100
159	358
477	498
178	269
284	357
320	287
316	54
282	315
313	210
271	223
249	269
315	154
308	382
204	400
188	242
300	60
516	385
208	193
279	141
297	16
109	429
376	167
291	24
379	228
206	266
296	164
182	261
261	220
432	251
306	57
178	382
511	428
494	510
351	177
319	245
158	409
288	129
390	194
371	173
498	358
285	34
300	33
254	175
272	65
159	408
329	204
347	270
168	274
214	170
86	394
403	329
507	366
185	358
374	507
548	442
239	107
294	13
349	497
490	333
75	402
304	88
263	311
170	464
197	305
407	219
314	466
490	459
455	474
305	473
226	174
301	4
297	23
161	273
247	109
205	181
244	516
232	306
326	502
447	400
326	61
249	518
516	491
215	319
412	221
288	22
431	423
303	48
55	437
506	378
264	467
224	177
299	80
106	506
370	470
264	88
279	67
300	21
298	28
314	186
186	415
299	19
327	210
364	403
226	224
299	3
225	192
443	422
536	519
244	142
337	348
329	294
326	186
472	427
303	9
228	131
370	174
327	48
400	273
475	417
193	242
371	244
406	189
357	319
484	358
210	261
300	6
163	331
270	274
470	328
309	235
109	456
205	350
366	345
323	224
329	119
296	471
308	19
373	271
282	50
310	114
389	358
305	71
139	318
66	416
235	517
280	48
308	16
151	519
427	295
138	434
295	35
297	54
429	430
350	289
285	112
164	480
387	209
303	37
301	135
344	395
314	36
372	513
482	351
295	14
166	249
272	508
255	106
245	227
160	357
54	487
308	322
373	274
382	172
163	422
468	417
310	507
310	37
476	431
298	442
341	137
143	349
371	181
252	188
328	105
282	89
285	44
181	317
282	65
305	15
429	367
392	302
288	86
283	62
170	255
69	402
250	269
423	358
180	215
307	240
503	361
295	127
316	49
423	272
266	336
306	150
327	359
275	56
247	239
383	404
202	501
258	359
237	264
508	513
423	294
211	304
321	93
493	436
321	324
94	498
281	442
431	465
418	326
116	418
300	9
322	410
273	70
343	389
368	149
202	481
328	61
366	325
198	309
359	200
348	206
349	167
392	242
333	60
305	39
325	125
289	80
485	360
313	36
362	160
352	130
313	61
378	203
155	470
325	255
311	41
184	245
99	397
483	351
84	515
411	235
343	226
285	119
392	488
297	8
234	371
357	384
203	197
327	237
240	253
229	408
347	183
429	311
430	377
368	168
207	279
214	204
322	73
176	291
532	408
213	187
224	145
109	373
297	134
405	326
298	9
469	307
493	507
298	11
322	322
467	493
180	468
415	357
132	405
541	503
378	243
430	453
302	27
280	37
353	115
300	12
434	451
451	306
130	342
125	380
291	163
353	486
392	450
564	480
342	195
302	70
218	238
154	280
322	103
50	507
216	189
174	229
514	513
202	230
54	445
459	368
263	221
109	451
290	395
466	381
200	442
311	105
403	185
371	447
300	66
483	475
384	155
290	48
239	202
394	355
302	18
525	446
190	431
334	138
294	342
274	271
536	444
209	461
315	153
300	6
199	453
92	429
149	477
206	311
286	94
442	402
186	233
350	230
264	166
238	133
437	321
207	423
230	332
544	507
320	428
196	256
420	332
274	254
532	423
347	119
231	403
307	501
438	328
258	137
330	68
452	486
276	463
517	477
240	196
139	303
308	371
279	222
308	374
177	386
354	102
214	396
329	472
395	216
300	386
559	461
206	377
300	9
291	243
423	263
301	42
250	182
92	414
164	341
505	373
365	152
311	36
473	368
291	135
482	424
199	472
197	427
324	70
430	335
271	423
362	261
279	277
291	99
379	438
238	471
247	119
383	244
138	377
344	78
320	99
389	438
303	79
221	142
410	357
440	460
318	41
238	274
361	161
391	179
455	383
334	469
391	399
208	334
292	405
66	437
109	338
300	258
292	495
227	273
380	154
261	119
347	93
272	100
388	164
175	420
337	198
298	32
341	170
379	228
340	425
497	352
155	470
339	511
96	393
212	281
271	228
350	355
300	13
336	409
301	12
194	224
331	309
203	222
539	435
304	27
299	216
195	400
299	58
157	422
65	457
287	274
388	477
328	74
138	390
282	321
338	359
287	410
414	437
267	300
96	509
278	492
292	28
101	452
349	145
534	507
300	2
324	218
179	422
370	439
300	6
300	21
284	117
271	170
355	197
328	455
287	219
409	203
300	21
364	391
333	485
258	108
313	166
313	365
229	197
333	435
433	439
361	416
278	514
306	59
313	196
240	143
492	371
176	480
359	298
333	132
70	487
132	360
338	158
408	398
280	167
489	347
323	105
319	367
395	384
318	324
275	154
350	168
256	395
216	471
195	327
463	442
481	429
256	138
500	396
332	99
164	322
391	499
152	403
570	478
282	437
70	423
207	332
470	464
119	403
442	347
291	60
76	399
60	430
383	164
344	393
384	147
267	119
258	112
335	155
207	287
254	310
315	162
358	329
301	111
402	430
237	218
315	59
222	432
322	346
191	288
210	379
271	116
270	136
299	66
340	118
520	413
312	388
310	322
214	194
254	352
293	471
285	28
283	455
390	177
313	43
262	74
240	113
79	396
317	411
83	387
300	7
311	21
195	507
131	354
213	330
322	53
279	39
261	73
198	230
270	80
280	37
221	422
329	336
250	185
354	105
396	360
350	274
268	247
274	113
271	423
290	224
366	116
268	99
150	351
140	335
280	73
280	180
302	116
299	16
256	310
291	266
251	110
288	73
240	145
323	414
315	328
131	514
323	93
258	145
162	286
403	284
357	435
307	164
277	112
332	96
300	73
251	289
269	90
292	49
278	237
303	158
292	45
333	79
429	341
301	13
334	106
228	300
342	330
299	498
356	326
336	160
300	3
253	413
261	156
184	266
467	380
241	335
185	517
318	103
305	43
222	371
461	446
271	169
316	427
555	460
407	390
256	334
323	325
328	102
289	249
300	2
137	479
124	505
227	182
293	18
404	185
491	519
401	328
277	285
318	275
269	149
300	73
430	494
268	145
345	190
378	148
89	500
315	106
312	27
286	93
306	193
322	251
302	57
108	355
297	18
233	378
303	7
563	509
257	92
339	188
156	420
447	467
347	109
475	311
355	179
298	12
245	288
291	138
302	8
520	504
266	98
359	306
109	334
266	84
354	355
492	448
397	310
188	435
369	327
225	248
352	101
424	237
272	145
453	340
440	486
151	495
274	239
174	306
398	429
304	92
368	514
173	268
334	437
311	386
291	26
300	40
399	246
379	156
257	476
450	285
153	312
329	205
253	422
200	337
565	497
249	151
42	495
273	48
91	399
334	164
564	459
262	213
250	91
154	447
300	203
402	341
110	367
281	330
125	500
529	512
159	263
237	182
257	352
308	79
412	475
171	330
327	435
150	384
291	22
290	112
355	344
239	227
186	366
331	309
317	311
239	183
136	293
309	268
300	11
370	142
292	67
127	480
362	448
276	227
451	513
447	415
233	220
403	229
292	28
160	347
344	87
227	383
488	425
220	423
221	240
285	342
324	461
304	23
497	379
384	369
411	445
316	54
88	468
204	191
178	363
24	493
353	108
439	269
261	80
300	11
254	402
252	226
423	267
512	402
214	208
260	99
377	413
223	138
192	239
297	79
265	63
237	169
374	395
255	268
283	108
289	324
378	394
304	37
419	474
156	462
299	4
333	276
531	454
320	66
302	9
319	89
366	464
366	407
202	490
99	415
469	374
301	14
169	397
207	166
406	378
168	467
314	26
189	358
403	448
325	400
272	210
330	59
278	128
221	313
229	401
184	476
315	141
420	390
272	64
273	310
286	290
308	374
294	112
178	268
159	327
290	44
260	106
223	515
286	49
366	319
316	294
114	324
106	410
295	147
279	221
383	188
194	433
299	132
414	251
265	129
313	466
416	244
346	183
358	283
560	503
217	190
144	414
398	229
429	298
123	317
179	264
351	403
222	237
415	413
171	471
345	120
139	396
258	506
96	402
285	57
301	149
273	432
362	233
232	187
325	300
292	386
241	265
267	293
275	59
98	440
255	487
301	3
315	37
459	303
416	248
135	381
292	29
249	328
116	368
294	179
300	332
213	215
445	410
223	359
236	125
176	217
360	190
366	223
126	474
282	436
300	41
197	210
36	467
367	272
292	93
370	180
237	148
300	2
127	492
336	99
387	280
369	457
393	167
413	457
309	125
346	435
98	404
300	419
330	115
517	381
205	323
290	151
336	69
281	149
258	158
121	337
317	165
269	336
289	40
324	89
274	145
230	178
421	404
149	491
291	120
60	474
304	212
413	301
352	114
215	154
566	474
306	370
400	252
303	280
362	134
193	224
459	327
318	414
358	117
134	289
358	252
349	423
381	149
338	79
433	293
249	100
332	72
343	421
290	140
229	364
404	242
330	386
298	483
210	302
226	195
333	509
307	63
299	6
543	494
178	248
270	438
328	153
259	266
487	333
86	444
241	193
213	440
342	363
325	70
302	22
380	367
79	508
185	478
289	27
467	293
312	263
385	212
507	490
399	316
492	380
273	80
42	513
209	369
93	397
203	379
399	232
197	225
352	400
276	435
278	378
276	45
156	336
338	125
274	85
487	374
297	8
446	291
310	139
179	215
337	300
212	190
233	519
308	61
301	171
102	416
301	90
365	172
124	363
422	481
253	267
309	27
326	51
332	106
330	420
311	368
482	355
57	500
287	93
182	257
201	388
403	257
392	221
313	364
220	187
399	289
195	487
344	118
445	331
290	26
491	412
233	363
467	482
204	500
378	215
178	217
284	80
258	138
259	76
488	446
321	268
215	249
415	461
245	220
373	303
170	277
535	448
300	28
410	484
171	380
276	113
299	45
332	67
375	177
181	362
334	461
476	492
303	18
334	90
231	228
316	496
339	288
246	303
300	9
319	132
385	254
351	146
342	372
183	443
276	256
457	467
279	119
374	512
178	340
300	2
209	226
433	413
386	438
236	316
313	26
285	303
328	284
262	404
199	429
325	164
202	461
235	362
22	516
355	109
329	104
305	30
526	403
296	91
391	231
434	326
258	207
352	409
306	385
302	34
301	31
298	13
371	174
155	455
271	92
398	305
336	97
365	125
331	472
188	509
268	93
63	436
165	288
281	258
243	139
419	410
366	300
302	42
303	276
253	154
329	427
309	132
189	254
288	410
231	132
290	20
367	119
348	175
527	485
161	380
333	436
330	294
421	321
296	17
264	114
334	167
336	241
300	41
86	439
245	503
295	12
298	67
343	146
438	432
218	166
527	444
340	276
393	322
321	81
428	233
334	337
279	55
259	427
286	111
406	207
418	381
286	44
374	168
31	477
356	149
280	380
285	279
268	112
239	490
320	59
290	301
217	303
540	495
547	514
266	282
348	88
327	244
220	401
335	248
399	242
372	168
287	39
292	206
133	330
301	9
249	359
304	219
295	371
301	67
311	54
325	51
294	23
184	437
224	211
320	311
355	442
303	190
176	334
485	428
358	143
251	194
421	358
178	452
296	328
316	355
74	487
240	119
82	412
345	384
300	507
310	398
109	381
252	167
542	449
299	4
281	179
242	247
423	459
421	324
92	499
491	436
457	345
265	192
270	66
23	493
249	270
349	451
81	507
449	462
192	294
302	177
300	6
408	325
175	307
300	2
303	13
258	351
103	459
263	83
169	278
321	89
387	222
402	180
189	340
294	238
349	258
390	188
364	319
445	309
346	466
492	474
140	364
401	238
225	229
401	224
250	241
577	482
357	390
297	280
400	493
280	47
279	333
296	10
452	349
252	170
221	214
188	417
328	226
236	158
434	456
411	223
275	56
548	450
401	255
153	464
469	400
406	323
401	397
350	256
284	395
285	429
243	253
263	70
426	220
200	397
271	138
181	248
249	428
484	485
179	311
298	25
360	503
437	435
207	240
249	103
248	109
338	145
380	505
340	99
256	79
284	239
46	494
271	53
432	472
270	168
297	404
220	255
302	210
336	411
308	72
301	3
392	249
270	235
545	439
319	148
314	166
332	225
193	382
276	88
402	297
297	12
293	36
408	499
298	30
500	386
234	260
316	189
79	411
297	51
307	27
433	356
159	397
343	114
400	203
418	295
566	516
304	354
395	401
337	161
515	411
328	111
251	368
445	370
222	266
288	181
131	447
312	317
368	276
297	22
411	438
310	323
480	399
404	203
245	152
230	513
243	262
376	151
344	383
337	472
394	192
342	99
345	183
231	185
454	487
191	342
248	218
176	386
504	387
300	1
324	173
265	225
327	274
433	250
253	208
453	423
71	449
378	306
380	515
314	427
309	89
63	423
257	391
297	47
170	510
410	397
299	4
254	250
267	60
328	212
310	79
276	201